[
    [
        [
            2.5611325675641017,
            0.09690800000000005,
            2.554237640394705,
            0.0977399999999999,
            0.0
        ],
        [
            1.044499153405967,
            0.7298679999999994,
            1.01266533277555,
            0.7521599999999999,
            0.0
        ],
        [
            0.5601891064290314,
            0.852984,
            0.5224144352215537,
            0.8672600000000005,
            0.0
        ],
        [
            0.42509226459139204,
            0.8852879999999995,
            0.39318761072671277,
            0.8946999999999999,
            0.0
        ],
        [
            0.36856285855314497,
            0.8970600000000001,
            0.3409612299957818,
            0.9043399999999998,
            0.0
        ],
        [
            0.33765937583808087,
            0.9034640000000002,
            0.3131712852847996,
            0.9107199999999999,
            0.0
        ],
        [
            0.31400975857108676,
            0.9098760000000002,
            0.2915418685252373,
            0.9167999999999996,
            0.0
        ],
        [
            0.29624233517814313,
            0.9150080000000017,
            0.27545527918880985,
            0.9211599999999995,
            0.0
        ],
        [
            0.2822922282852131,
            0.9185800000000022,
            0.26329115130709346,
            0.9235599999999995,
            0.0
        ],
        [
            0.26864459224917225,
            0.9216640000000019,
            0.25144353234819344,
            0.9265399999999993,
            0.0
        ],
        [
            0.2557380778086931,
            0.9252360000000021,
            0.24047234887134902,
            0.9294999999999993,
            0.0
        ],
        [
            0.244857065210623,
            0.9289240000000033,
            0.23090122853976297,
            0.9330599999999996,
            0.0
        ],
        [
            0.23391714513310918,
            0.9324080000000038,
            0.2215290770218898,
            0.9363599999999991,
            0.0
        ],
        [
            0.22407754588872097,
            0.9346680000000044,
            0.21267040138287005,
            0.9387799999999992,
            0.0
        ],
        [
            0.21486008925955385,
            0.937696000000005,
            0.2048384906580154,
            0.9415399999999993,
            0.0
        ],
        [
            0.20587073219122579,
            0.9398640000000054,
            0.1975592221120384,
            0.9439599999999994,
            0.0
        ],
        [
            0.19774397667480004,
            0.9425400000000062,
            0.1902754761524484,
            0.946979999999999,
            0.0
        ],
        [
            0.19027379748762605,
            0.9446240000000063,
            0.18472675950765216,
            0.948299999999999,
            0.0
        ],
        [
            0.18343757169300842,
            0.9465600000000067,
            0.1791200991540458,
            0.9507799999999988,
            0.0
        ],
        [
            0.1768033777952996,
            0.9485040000000072,
            0.17341027532968398,
            0.9524599999999992,
            0.0
        ],
        [
            0.17030409829015192,
            0.9503320000000075,
            0.1683047037572129,
            0.9535999999999989,
            0.0
        ],
        [
            0.1641055749895383,
            0.9522280000000082,
            0.16321617053828485,
            0.9549599999999991,
            0.0
        ],
        [
            0.15747755754273754,
            0.9545400000000083,
            0.15754401859235562,
            0.956959999999999,
            0.0
        ],
        [
            0.15283046364538216,
            0.9556680000000084,
            0.15473157672383359,
            0.9579399999999989,
            0.0
        ],
        [
            0.14730928488306144,
            0.9571520000000089,
            0.15016264221264577,
            0.9584599999999988,
            0.0
        ],
        [
            0.14310606334084758,
            0.9585880000000089,
            0.1470850471039329,
            0.9592599999999992,
            0.0
        ],
        [
            0.13811747476363592,
            0.9601520000000091,
            0.14312096549703907,
            0.960439999999999,
            0.0
        ],
        [
            0.1342882033466239,
            0.9611280000000096,
            0.1404493173737108,
            0.960859999999999,
            0.0
        ],
        [
            0.12933258708536258,
            0.9627760000000094,
            0.13662375963506226,
            0.9620399999999991,
            0.0
        ],
        [
            0.12596285795881526,
            0.9638840000000102,
            0.13379187149400032,
            0.9628399999999993,
            0.0
        ],
        [
            0.12167053900501323,
            0.9652160000000098,
            0.13088841157756953,
            0.9637999999999991,
            0.0
        ],
        [
            0.11900110093184543,
            0.9658800000000101,
            0.12963348908893585,
            0.9642799999999992,
            0.0
        ],
        [
            0.11512261906527713,
            0.9670800000000094,
            0.12651330182238413,
            0.9648599999999992,
            0.0
        ],
        [
            0.11233622349782062,
            0.9677800000000097,
            0.12457175275722114,
            0.9654599999999988,
            0.0
        ],
        [
            0.10884317373543333,
            0.9688840000000095,
            0.1223575258302589,
            0.9662599999999989,
            0.0
        ],
        [
            0.10598041810057748,
            0.9697640000000092,
            0.12062664556196816,
            0.9664799999999989,
            0.0
        ],
        [
            0.10321194924198787,
            0.9705520000000096,
            0.1182012362535261,
            0.9667799999999988,
            0.0
        ],
        [
            0.10047058845088123,
            0.9712960000000095,
            0.11716690012005684,
            0.9669199999999989,
            0.0
        ],
        [
            0.09724979118813501,
            0.9723920000000094,
            0.11465610542899855,
            0.9676399999999991,
            0.0
        ],
        [
            0.09450761449795389,
            0.9733280000000095,
            0.11242292699529184,
            0.968619999999999,
            0.0
        ],
        [
            0.09254477472798545,
            0.974020000000009,
            0.11133698334770034,
            0.969019999999999,
            0.0
        ],
        [
            0.09012310057677494,
            0.9746600000000093,
            0.1102627487839181,
            0.9689799999999995,
            0.0
        ],
        [
            0.08814767225421236,
            0.9751400000000089,
            0.1087920904061973,
            0.9694199999999992,
            0.0
        ],
        [
            0.08557953586020842,
            0.976124000000009,
            0.10702878493777308,
            0.9700399999999991,
            0.0
        ],
        [
            0.08356955458080968,
            0.9766040000000091,
            0.10624154295700303,
            0.970259999999999,
            0.0
        ],
        [
            0.08181920587300996,
            0.9771320000000088,
            0.10491056099710387,
            0.970319999999999,
            0.0
        ],
        [
            0.07985767096714003,
            0.977564000000009,
            0.10391310407471996,
            0.9703999999999994,
            0.0
        ],
        [
            0.07756131122589746,
            0.9784040000000083,
            0.10270533042178195,
            0.9707999999999991,
            0.0
        ],
        [
            0.07560930490505868,
            0.9789800000000082,
            0.10081809206031112,
            0.9710599999999989,
            0.0
        ],
        [
            0.07393186974214945,
            0.9794760000000087,
            0.1004606767422157,
            0.971419999999999,
            0.0
        ],
        [
            0.07269081012347618,
            0.9799040000000081,
            0.09975059650707752,
            0.9715599999999988,
            0.0
        ],
        [
            0.07058508698183212,
            0.980504000000008,
            0.09856587823939222,
            0.9717799999999993,
            0.0
        ],
        [
            0.06938497311407861,
            0.9808920000000079,
            0.09754190011185952,
            0.9718999999999992,
            0.0
        ],
        [
            0.06783013338319357,
            0.9814760000000078,
            0.09690616437940795,
            0.972499999999999,
            0.0
        ],
        [
            0.06634601575932347,
            0.9818480000000076,
            0.09587755256043298,
            0.9722599999999989,
            0.0
        ],
        [
            0.06470186634815364,
            0.9824840000000077,
            0.09496737034700639,
            0.972739999999999,
            0.0
        ],
        [
            0.06362576488284759,
            0.9827360000000077,
            0.0943977351152134,
            0.972999999999999,
            0.0
        ],
        [
            0.06160540315966956,
            0.9832880000000074,
            0.09378501181095557,
            0.9731399999999985,
            0.0
        ],
        [
            0.06036822177274757,
            0.983832000000007,
            0.09288347537560007,
            0.9731799999999989,
            0.0
        ],
        [
            0.059060024668018254,
            0.984012000000007,
            0.09217315837179177,
            0.973239999999999,
            0.0
        ],
        [
            0.05763338849230952,
            0.984620000000007,
            0.0919193829066722,
            0.9736599999999989,
            0.0
        ],
        [
            0.05653590745056776,
            0.9848880000000072,
            0.09089871510798805,
            0.9738399999999992,
            0.0
        ],
        [
            0.055638189934359705,
            0.9852680000000065,
            0.09089702538636506,
            0.9738199999999988,
            0.0
        ],
        [
            0.05404825699560269,
            0.9856440000000068,
            0.09006921339206056,
            0.9739999999999991,
            0.0
        ],
        [
            0.05301011686897268,
            0.9860960000000063,
            0.08897217143456967,
            0.9743799999999989,
            0.0
        ],
        [
            0.05190073954992561,
            0.9863800000000065,
            0.08902577727761943,
            0.9740399999999992,
            0.0
        ],
        [
            0.05065630549464395,
            0.9867200000000063,
            0.08872608151917843,
            0.9744199999999988,
            0.0
        ],
        [
            0.049463985319811436,
            0.987216000000006,
            0.08766999619109592,
            0.9744199999999991,
            0.0
        ],
        [
            0.04877112965374205,
            0.987320000000006,
            0.0877304774443377,
            0.9744999999999988,
            0.0
        ],
        [
            0.04754742933056289,
            0.9877280000000057,
            0.0868652917644048,
            0.9747799999999988,
            0.0
        ],
        [
            0.046665200060064374,
            0.9879440000000062,
            0.08685888884525828,
            0.9749799999999992,
            0.0
        ],
        [
            0.04574458367659503,
            0.9884040000000057,
            0.08673217766756962,
            0.974799999999999,
            0.0
        ],
        [
            0.04468750342505345,
            0.9887800000000058,
            0.08635170491821219,
            0.9752399999999989,
            0.0
        ],
        [
            0.044020355307203905,
            0.9887680000000053,
            0.08672339660140696,
            0.9750599999999989,
            0.0
        ],
        [
            0.04281449231692257,
            0.9894560000000053,
            0.08544770288101736,
            0.9751599999999989,
            0.0
        ],
        [
            0.042027397918515175,
            0.9895520000000054,
            0.08511389030886365,
            0.975479999999999,
            0.0
        ],
        [
            0.04091565631643338,
            0.9900080000000052,
            0.08484118932415134,
            0.9753199999999993,
            0.0
        ],
        [
            0.040457158410473835,
            0.9900240000000048,
            0.08440356553058159,
            0.975479999999999,
            0.0
        ],
        [
            0.039535551989600994,
            0.990240000000005,
            0.08416531318437613,
            0.975679999999999,
            0.0
        ],
        [
            0.038582460343766695,
            0.9908880000000047,
            0.08376508635186078,
            0.9754799999999992,
            0.0
        ],
        [
            0.0378809047972665,
            0.9910520000000048,
            0.08345705976297906,
            0.9754799999999992,
            0.0
        ],
        [
            0.03740032207760514,
            0.9911160000000045,
            0.08362780685342813,
            0.975679999999999,
            0.0
        ],
        [
            0.03637079978049294,
            0.9914640000000047,
            0.0830763629114368,
            0.976039999999999,
            0.0
        ],
        [
            0.03555732190188412,
            0.9917520000000042,
            0.08344718346011108,
            0.9755999999999988,
            0.0
        ],
        [
            0.03464800180583461,
            0.9921680000000042,
            0.08216849388498279,
            0.9760999999999989,
            0.0
        ],
        [
            0.03406763015815862,
            0.9921960000000041,
            0.08283566495103599,
            0.975679999999999,
            0.0
        ],
        [
            0.03316298891632742,
            0.9926440000000039,
            0.08256234704104518,
            0.976179999999999,
            0.0
        ],
        [
            0.03286143904047646,
            0.9926360000000038,
            0.08224567767057532,
            0.976179999999999,
            0.0
        ],
        [
            0.032203276816005204,
            0.9928560000000038,
            0.08166363865903685,
            0.9761199999999992,
            0.0
        ],
        [
            0.031534644645624256,
            0.9930760000000035,
            0.08151870254840915,
            0.976339999999999,
            0.0
        ],
        [
            0.03126152826513584,
            0.9931720000000036,
            0.08185697845814775,
            0.976119999999999,
            0.0
        ],
        [
            0.030031783117854833,
            0.9936920000000032,
            0.0814611607822547,
            0.9760599999999988,
            0.0
        ],
        [
            0.029511957640497598,
            0.9938040000000035,
            0.08098698091404566,
            0.9762599999999992,
            0.0
        ],
        [
            0.029202146325989414,
            0.9938880000000033,
            0.08153287049051586,
            0.9763999999999993,
            0.0
        ],
        [
            0.028496169851280707,
            0.994172000000003,
            0.08057490330214433,
            0.9769199999999989,
            0.0
        ],
        [
            0.027738524827370853,
            0.9944480000000029,
            0.08113450125656314,
            0.9765199999999995,
            0.0
        ],
        [
            0.02741704312045016,
            0.994440000000003,
            0.08142815898713093,
            0.976299999999999,
            0.0
        ],
        [
            0.02674642570736931,
            0.9946560000000032,
            0.08063600456135475,
            0.9762599999999988,
            0.0
        ],
        [
            0.026140095258587098,
            0.994972000000003,
            0.08042238564020952,
            0.9765199999999989,
            0.0
        ],
        [
            0.02549030226020334,
            0.9951440000000028,
            0.08092730587540158,
            0.976479999999999,
            0.0
        ],
        [
            0.02545068070612157,
            0.9951280000000029,
            0.08136118161822867,
            0.9765199999999987,
            0.0
        ]
    ],
    [
        [
            2.3556259645237274,
            0.09181999999999996,
            2.350957655190171,
            0.0947799999999999,
            0.0
        ],
        [
            0.2457206357915839,
            0.9292920000000036,
            0.230521519253162,
            0.9340199999999992,
            0.0
        ],
        [
            0.17163216981987114,
            0.9490880000000075,
            0.16949066175500235,
            0.9517199999999988,
            0.0
        ],
        [
            0.13604824792496695,
            0.9601080000000092,
            0.14249028438351244,
            0.9597399999999991,
            0.0
        ],
        [
            0.10632876306824086,
            0.9692680000000091,
            0.12174020831603335,
            0.9654599999999991,
            0.0
        ],
        [
            0.09114049665913589,
            0.9733080000000095,
            0.11184515279220966,
            0.9677199999999994,
            0.0
        ],
        [
            0.07813275972325406,
            0.9773800000000084,
            0.10376796834741817,
            0.9705399999999991,
            0.0
        ],
        [
            0.06581174141885017,
            0.9812320000000078,
            0.09697111546604766,
            0.9723199999999992,
            0.0
        ],
        [
            0.055585667045034794,
            0.984592000000007,
            0.0905378629138485,
            0.9736199999999988,
            0.0
        ],
        [
            0.05135836359872582,
            0.9855360000000063,
            0.08991740114851815,
            0.9738599999999991,
            0.0
        ],
        [
            0.045517425015892635,
            0.987224000000006,
            0.08913262510503298,
            0.9741599999999991,
            0.0
        ],
        [
            0.03877988833122166,
            0.9895000000000053,
            0.08421156485280241,
            0.9754599999999989,
            0.0
        ],
        [
            0.0350556082951796,
            0.9906200000000046,
            0.08394291177260052,
            0.9751799999999993,
            0.0
        ],
        [
            0.03184935733327267,
            0.9917680000000042,
            0.08372587782323972,
            0.9757999999999989,
            0.0
        ],
        [
            0.02930207174250679,
            0.9921680000000043,
            0.08584526712706717,
            0.9758399999999992,
            0.0
        ],
        [
            0.024237547263285815,
            0.9942200000000033,
            0.08188145735982567,
            0.9766799999999991,
            0.0
        ],
        [
            0.021865788225551658,
            0.994872000000003,
            0.08102561915470588,
            0.9772999999999991,
            0.0
        ],
        [
            0.02043243871077913,
            0.9953200000000028,
            0.08403533741406478,
            0.976579999999999,
            0.0
        ],
        [
            0.020225527281969392,
            0.9952320000000026,
            0.08614983508094247,
            0.9762999999999991,
            0.0
        ],
        [
            0.018882583152378334,
            0.9953040000000029,
            0.0877167232332499,
            0.9757799999999991,
            0.0
        ],
        [
            0.01453323620954119,
            0.9972120000000017,
            0.08264331452288462,
            0.9778599999999991,
            0.0
        ],
        [
            0.013074547512370398,
            0.9975400000000013,
            0.0855243178533017,
            0.9774999999999991,
            0.0
        ],
        [
            0.012450088295028614,
            0.9977240000000014,
            0.08670737712879899,
            0.9766799999999989,
            0.0
        ],
        [
            0.009960455242705234,
            0.9985640000000007,
            0.08506051759465212,
            0.977799999999999,
            0.0
        ],
        [
            0.009414159462103147,
            0.9986720000000009,
            0.08671954761967295,
            0.9776399999999992,
            0.0
        ],
        [
            0.007739889670326437,
            0.9991280000000005,
            0.08598263293143935,
            0.9784799999999991,
            0.0
        ],
        [
            0.007114032769588688,
            0.9992560000000005,
            0.08567377749218515,
            0.9786599999999991,
            0.0
        ],
        [
            0.006276635957168726,
            0.9994680000000005,
            0.08591378298192809,
            0.978639999999999,
            0.0
        ],
        [
            0.005811587988271618,
            0.9995080000000003,
            0.08676041777859006,
            0.9785199999999993,
            0.0
        ],
        [
            0.005270654247406979,
            0.9995880000000004,
            0.08774555884427629,
            0.9784399999999991,
            0.0
        ],
        [
            0.004657449903041152,
            0.9997400000000003,
            0.08912770144200477,
            0.9778999999999985,
            0.0
        ],
        [
            0.00415565657977351,
            0.9998160000000003,
            0.08849690967055224,
            0.9784999999999989,
            0.0
        ],
        [
            0.0035712112245162935,
            0.9998640000000002,
            0.08869301659868796,
            0.978999999999999,
            0.0
        ],
        [
            0.0035213642385816374,
            0.999868,
            0.08982710097258938,
            0.9786599999999991,
            0.0
        ],
        [
            0.0031477905578033887,
            0.9999,
            0.09043337094242439,
            0.9787799999999992,
            0.0
        ],
        [
            0.0028865227052341353,
            0.999928,
            0.0906057558847158,
            0.978939999999999,
            0.0
        ],
        [
            0.0027814380149043206,
            0.999916,
            0.09240359629373855,
            0.9788999999999989,
            0.0
        ],
        [
            0.002474924652995373,
            0.999972,
            0.092150167261519,
            0.9788999999999991,
            0.0
        ],
        [
            0.00228060694756698,
            0.999968,
            0.09263885965609296,
            0.9789599999999992,
            0.0
        ],
        [
            0.0021912514659366365,
            0.9999800000000001,
            0.09275770207487784,
            0.9791999999999991,
            0.0
        ],
        [
            0.0020045752078889758,
            0.999996,
            0.09350240636759376,
            0.9788799999999988,
            0.0
        ],
        [
            0.0019343305555917171,
            0.9999840000000001,
            0.09453216518381177,
            0.978919999999999,
            0.0
        ],
        [
            0.0018162911320352647,
            0.999992,
            0.09459688615190963,
            0.9789799999999991,
            0.0
        ],
        [
            0.001727501506877164,
            1.0,
            0.09508078387276538,
            0.979279999999999,
            0.0
        ],
        [
            0.0016392383799154059,
            1.0,
            0.09583291681656958,
            0.979239999999999,
            0.0
        ],
        [
            0.0015887738277120776,
            1.0,
            0.09622953834695393,
            0.9790999999999992,
            0.0
        ],
        [
            0.0015073694810086742,
            1.0,
            0.09682374403513876,
            0.9790799999999991,
            0.0
        ],
        [
            0.0014227749974942176,
            1.0,
            0.0977222446420241,
            0.9790199999999991,
            0.0
        ],
        [
            0.0013871988803157616,
            0.999996,
            0.09723168615491713,
            0.9792599999999991,
            0.0
        ],
        [
            0.0013197867607063392,
            1.0,
            0.09840820283684057,
            0.9793199999999992,
            0.0
        ],
        [
            0.0012740451000399753,
            1.0,
            0.0986208073772998,
            0.979099999999999,
            0.0
        ],
        [
            0.0012256362869827054,
            1.0,
            0.09907392496718,
            0.9791399999999989,
            0.0
        ],
        [
            0.0011846680713494921,
            1.0,
            0.09919291927001031,
            0.979199999999999,
            0.0
        ],
        [
            0.0011420417849783144,
            1.0,
            0.0997892231927878,
            0.9791999999999994,
            0.0
        ],
        [
            0.0010970736257800073,
            1.0,
            0.10012393929807309,
            0.9790199999999988,
            0.0
        ],
        [
            0.0010702187102905316,
            1.0,
            0.10032927413836948,
            0.9790799999999988,
            0.0
        ],
        [
            0.0010409933786911648,
            1.0,
            0.1008627847918478,
            0.9793199999999993,
            0.0
        ],
        [
            0.0010021488966225598,
            1.0,
            0.10105660391595958,
            0.9790999999999986,
            0.0
        ],
        [
            0.0009695343490198139,
            1.0,
            0.10126611102522656,
            0.979159999999999,
            0.0
        ],
        [
            0.0009394815017146025,
            1.0,
            0.10203368373468598,
            0.9789799999999991,
            0.0
        ],
        [
            0.0009171902556177024,
            1.0,
            0.1023425899308242,
            0.9791799999999988,
            0.0
        ],
        [
            0.000884250312345997,
            1.0,
            0.1025046385469319,
            0.979339999999999,
            0.0
        ],
        [
            0.0008594792192757564,
            1.0,
            0.10284905653970242,
            0.979159999999999,
            0.0
        ],
        [
            0.0008364633376213796,
            1.0,
            0.10339412746227786,
            0.9790399999999989,
            0.0
        ],
        [
            0.0008197410252962758,
            1.0,
            0.10320537241794434,
            0.9790199999999991,
            0.0
        ],
        [
            0.0007881156602925496,
            1.0,
            0.10367685049574124,
            0.979099999999999,
            0.0
        ],
        [
            0.0007697156140384103,
            1.0,
            0.10420680679820382,
            0.9789599999999992,
            0.0
        ],
        [
            0.0007526532467442383,
            1.0,
            0.10455534926048671,
            0.9792399999999987,
            0.0
        ],
        [
            0.000734886463549179,
            1.0,
            0.10475228368810222,
            0.9793199999999989,
            0.0
        ],
        [
            0.0007142380183158689,
            1.0,
            0.10491910239833498,
            0.9792399999999987,
            0.0
        ],
        [
            0.0006992080818922239,
            1.0,
            0.10504727535151911,
            0.979279999999999,
            0.0
        ],
        [
            0.0006814376333013001,
            1.0,
            0.10568161145129658,
            0.979199999999999,
            0.0
        ],
        [
            0.0006635114851083526,
            1.0,
            0.1059181319215116,
            0.9791999999999987,
            0.0
        ],
        [
            0.0006502893679856579,
            1.0,
            0.10605664952833709,
            0.979239999999999,
            0.0
        ],
        [
            0.0006346462536075594,
            1.0,
            0.10631093796606872,
            0.979139999999999,
            0.0
        ],
        [
            0.0006244021452018989,
            1.0,
            0.10639613130883756,
            0.9793599999999995,
            0.0
        ],
        [
            0.0006070355991858246,
            1.0,
            0.10685928315883664,
            0.9791399999999987,
            0.0
        ],
        [
            0.0006010712169717738,
            1.0,
            0.1071426026221594,
            0.9792999999999996,
            0.0
        ],
        [
            0.0005860968451443046,
            1.0,
            0.1071417201724119,
            0.9793599999999987,
            0.0
        ],
        [
            0.0005733809122893366,
            1.0,
            0.10750215822393983,
            0.979139999999999,
            0.0
        ],
        [
            0.0005624490583688894,
            1.0,
            0.10783922140119329,
            0.9790799999999991,
            0.0
        ],
        [
            0.000553668110161508,
            1.0,
            0.10812270492461684,
            0.979139999999999,
            0.0
        ],
        [
            0.0005416626449105833,
            1.0,
            0.10847010978165335,
            0.979139999999999,
            0.0
        ],
        [
            0.0005281507318194048,
            1.0,
            0.10823203505655314,
            0.9791999999999991,
            0.0
        ],
        [
            0.0005179349228662801,
            1.0,
            0.10861737391932294,
            0.979339999999999,
            0.0
        ],
        [
            0.0005144347161420437,
            1.0,
            0.1090636043419895,
            0.9792999999999991,
            0.0
        ],
        [
            0.0005026697581578003,
            1.0,
            0.10928611446654528,
            0.9791199999999991,
            0.0
        ],
        [
            0.00049304239348087,
            1.0,
            0.10946868579572144,
            0.979159999999999,
            0.0
        ],
        [
            0.0004833290980694921,
            1.0,
            0.10958244417852576,
            0.979159999999999,
            0.0
        ],
        [
            0.00047323774179752537,
            1.0,
            0.10961257061263421,
            0.979199999999999,
            0.0
        ],
        [
            0.00047200176335943523,
            1.0,
            0.11000261644209079,
            0.9791799999999992,
            0.0
        ],
        [
            0.00045774632569004674,
            1.0,
            0.11012459489567905,
            0.979159999999999,
            0.0
        ],
        [
            0.000450740216378354,
            1.0,
            0.11046398943054392,
            0.9790799999999988,
            0.0
        ],
        [
            0.0004462844090202311,
            1.0,
            0.11075741202572513,
            0.9793599999999987,
            0.0
        ],
        [
            0.00043851738424245754,
            1.0,
            0.11074077326768847,
            0.9791999999999987,
            0.0
        ],
        [
            0.0004299564955581102,
            1.0,
            0.1111160721902805,
            0.9791799999999988,
            0.0
        ],
        [
            0.0004247993857892988,
            1.0,
            0.11144679041848152,
            0.979199999999999,
            0.0
        ],
        [
            0.0004178414143350367,
            1.0,
            0.11154531756102704,
            0.9792399999999992,
            0.0
        ],
        [
            0.0004103584379022541,
            1.0,
            0.11159172136529856,
            0.9790999999999992,
            0.0
        ],
        [
            0.00040388076895830005,
            1.0,
            0.11201361208338785,
            0.9792799999999993,
            0.0
        ],
        [
            0.0003994270382917499,
            1.0,
            0.11191429644918822,
            0.9790199999999988,
            0.0
        ]
    ],
    [
        [
            2.3557370876484702,
            0.09121199999999995,
            2.351028544457592,
            0.09429999999999991,
            0.0
        ],
        [
            0.2464031981513508,
            0.9291040000000035,
            0.2310745049653367,
            0.9338199999999993,
            0.0
        ],
        [
            0.1722335773932115,
            0.9490880000000075,
            0.1700646016702112,
            0.951859999999999,
            0.0
        ],
        [
            0.13702305974916668,
            0.9598760000000089,
            0.14326854517078236,
            0.9595999999999991,
            0.0
        ],
        [
            0.1071756798022474,
            0.969032000000009,
            0.12229829883347351,
            0.9656599999999991,
            0.0
        ],
        [
            0.09157057416158745,
            0.9733240000000094,
            0.11172916972428275,
            0.9681399999999991,
            0.0
        ],
        [
            0.07883147250552561,
            0.9771760000000083,
            0.10432504137219342,
            0.9703599999999991,
            0.0
        ],
        [
            0.06636507907896048,
            0.9810560000000077,
            0.09702755570210804,
            0.972379999999999,
            0.0
        ],
        [
            0.055918442791797786,
            0.9844240000000072,
            0.09070294934205439,
            0.9733799999999988,
            0.0
        ],
        [
            0.05170369318124002,
            0.9853560000000062,
            0.09001824265097005,
            0.9736799999999992,
            0.0
        ],
        [
            0.04555908120780958,
            0.9872360000000059,
            0.08868431129902839,
            0.973779999999999,
            0.0
        ],
        [
            0.03895803466537651,
            0.989596000000005,
            0.08448194716938016,
            0.975579999999999,
            0.0
        ],
        [
            0.03540430730322182,
            0.9905800000000047,
            0.08417118831714974,
            0.975299999999999,
            0.0
        ],
        [
            0.03256469042329886,
            0.9915440000000043,
            0.08400549877323436,
            0.9754199999999988,
            0.0
        ],
        [
            0.029969842698726556,
            0.9919160000000045,
            0.08584568389892669,
            0.9760999999999991,
            0.0
        ],
        [
            0.02441967292098625,
            0.9941160000000033,
            0.08177616209100971,
            0.9764399999999991,
            0.0
        ],
        [
            0.02215056939953136,
            0.994792000000003,
            0.08127626553540271,
            0.9775799999999991,
            0.0
        ],
        [
            0.0213175386524198,
            0.9949400000000029,
            0.08498005776563647,
            0.9760999999999989,
            0.0
        ],
        [
            0.021201479898833066,
            0.9947560000000027,
            0.08691008171298933,
            0.9763199999999992,
            0.0
        ],
        [
            0.019159050840054453,
            0.9952560000000027,
            0.08893523633241038,
            0.9754999999999991,
            0.0
        ],
        [
            0.014743347823815834,
            0.9970760000000016,
            0.08275935236325054,
            0.977619999999999,
            0.0
        ],
        [
            0.01356986314428189,
            0.9974080000000015,
            0.08612641114091438,
            0.9771599999999989,
            0.0
        ],
        [
            0.012055920347187839,
            0.9978840000000012,
            0.08645449106386524,
            0.9771399999999989,
            0.0
        ],
        [
            0.010116123254173371,
            0.9984920000000008,
            0.08559100125434954,
            0.977399999999999,
            0.0
        ],
        [
            0.009340519662821591,
            0.9986960000000009,
            0.0865406117816072,
            0.9777599999999991,
            0.0
        ],
        [
            0.007822041870533519,
            0.9991440000000005,
            0.08631477359605004,
            0.9782599999999991,
            0.0
        ],
        [
            0.007233151585828454,
            0.9992120000000005,
            0.08661806676192853,
            0.9785999999999989,
            0.0
        ],
        [
            0.0065365082001535985,
            0.9993160000000005,
            0.08649000444281336,
            0.9785799999999991,
            0.0
        ],
        [
            0.005948017154244917,
            0.9995240000000003,
            0.08717509761291899,
            0.9781199999999993,
            0.0
        ],
        [
            0.005404773712728124,
            0.9995360000000003,
            0.08822853094304231,
            0.9785199999999991,
            0.0
        ],
        [
            0.0046871120848396095,
            0.9997280000000002,
            0.08974634231012382,
            0.9780599999999989,
            0.0
        ],
        [
            0.004213860882789891,
            0.9998000000000001,
            0.08913037441020065,
            0.9783599999999986,
            0.0
        ],
        [
            0.0036302364102474534,
            0.9998560000000001,
            0.08914655597327188,
            0.978879999999999,
            0.0
        ],
        [
            0.003579996365417012,
            0.9998440000000001,
            0.09053227183121253,
            0.9788999999999991,
            0.0
        ],
        [
            0.003246001829713552,
            0.999896,
            0.09132512631768612,
            0.9787199999999989,
            0.0
        ],
        [
            0.0029625765767345843,
            0.9999040000000001,
            0.09150478631935384,
            0.9791799999999992,
            0.0
        ],
        [
            0.0028443037412501935,
            0.9999040000000001,
            0.09274815182424169,
            0.978859999999999,
            0.0
        ],
        [
            0.002511210987286472,
            0.9999800000000001,
            0.09296280930876728,
            0.978479999999999,
            0.0
        ],
        [
            0.0023037300378660483,
            0.9999560000000001,
            0.09329783323257226,
            0.9787199999999994,
            0.0
        ],
        [
            0.002275923527197657,
            0.9999760000000002,
            0.0936299822785191,
            0.9790999999999987,
            0.0
        ],
        [
            0.002035086777957696,
            0.999992,
            0.0941376577685201,
            0.9787799999999987,
            0.0
        ],
        [
            0.0019507158812659645,
            0.9999800000000001,
            0.09510703328249592,
            0.9787599999999991,
            0.0
        ],
        [
            0.0018451710881321407,
            0.999992,
            0.09544949253798149,
            0.9788599999999992,
            0.0
        ],
        [
            0.0017454629617366445,
            0.999996,
            0.09561808384967405,
            0.9791599999999991,
            0.0
        ],
        [
            0.0016730615033402508,
            1.0,
            0.09648321525344865,
            0.9789999999999989,
            0.0
        ],
        [
            0.0016142120589679302,
            1.0,
            0.0970524624363301,
            0.9789399999999991,
            0.0
        ],
        [
            0.0015211613779633044,
            1.0,
            0.09737472638773464,
            0.9789599999999992,
            0.0
        ],
        [
            0.001439240126436762,
            1.0,
            0.09850041899202296,
            0.978919999999999,
            0.0
        ],
        [
            0.0014022448842529237,
            1.0,
            0.09801527400938384,
            0.979459999999999,
            0.0
        ],
        [
            0.0013282772396789912,
            1.0,
            0.09905335422168235,
            0.9791199999999989,
            0.0
        ],
        [
            0.0012812736482358748,
            1.0,
            0.0992286979115925,
            0.979139999999999,
            0.0
        ],
        [
            0.0012350512011671199,
            1.0,
            0.0999332271366586,
            0.9787599999999989,
            0.0
        ],
        [
            0.001195988882353497,
            1.0,
            0.09983092133826513,
            0.9792599999999991,
            0.0
        ],
        [
            0.0011497166833801726,
            1.0,
            0.10042071817904803,
            0.9790599999999994,
            0.0
        ],
        [
            0.0011078651272541378,
            1.0,
            0.10089057581024533,
            0.979059999999999,
            0.0
        ],
        [
            0.0010787806760904407,
            1.0,
            0.10117898043921816,
            0.9791599999999988,
            0.0
        ],
        [
            0.0010504948158144764,
            1.0,
            0.10170088319151607,
            0.9790199999999993,
            0.0
        ],
        [
            0.0010125921140890547,
            1.0,
            0.10179992189110285,
            0.9790399999999988,
            0.0
        ],
        [
            0.0009736317561397581,
            1.0,
            0.1019549911785049,
            0.9789599999999992,
            0.0
        ],
        [
            0.0009499016051065547,
            1.0,
            0.10291227265862443,
            0.979059999999999,
            0.0
        ],
        [
            0.0009238934209716932,
            1.0,
            0.1031543741740476,
            0.9790399999999989,
            0.0
        ],
        [
            0.0008900499894354558,
            1.0,
            0.10327267975127212,
            0.9789799999999991,
            0.0
        ],
        [
            0.0008662418494368081,
            1.0,
            0.10362497541423028,
            0.979059999999999,
            0.0
        ],
        [
            0.0008422101210540569,
            1.0,
            0.10421751770176349,
            0.979159999999999,
            0.0
        ],
        [
            0.0008238986007887319,
            1.0,
            0.10404423707303172,
            0.9790999999999992,
            0.0
        ],
        [
            0.0007954273007812305,
            1.0,
            0.10466153756590187,
            0.9790399999999989,
            0.0
        ],
        [
            0.0007726011027235745,
            1.0,
            0.10502566182714448,
            0.9789799999999989,
            0.0
        ],
        [
            0.0007604348141912078,
            1.0,
            0.10541638611322587,
            0.9789599999999989,
            0.0
        ],
        [
            0.0007398316291026974,
            1.0,
            0.1055762052861009,
            0.9789599999999992,
            0.0
        ],
        [
            0.0007206133535962461,
            1.0,
            0.10575658848425125,
            0.9790599999999987,
            0.0
        ],
        [
            0.000705709302115079,
            1.0,
            0.10595945691533822,
            0.9791799999999989,
            0.0
        ],
        [
            0.000685417748667538,
            1.0,
            0.10653708144046241,
            0.9791799999999988,
            0.0
        ],
        [
            0.0006690952684329487,
            1.0,
            0.10684555980970645,
            0.9790599999999989,
            0.0
        ],
        [
            0.0006547010663293373,
            1.0,
            0.10700794542630095,
            0.9790399999999991,
            0.0
        ],
        [
            0.0006395529909839208,
            1.0,
            0.10725458049310459,
            0.979139999999999,
            0.0
        ],
        [
            0.0006311272208483984,
            1.0,
            0.1072498020397632,
            0.9791399999999992,
            0.0
        ],
        [
            0.0006115383121123785,
            1.0,
            0.10776834181897303,
            0.9790199999999988,
            0.0
        ],
        [
            0.0006061634280300184,
            1.0,
            0.10810030751254804,
            0.9789599999999993,
            0.0
        ],
        [
            0.0005913237445064202,
            1.0,
            0.1080852416730879,
            0.9790399999999988,
            0.0
        ],
        [
            0.0005774843023577187,
            1.0,
            0.10841378002390548,
            0.9792599999999988,
            0.0
        ],
        [
            0.0005667043969867072,
            1.0,
            0.10889127957470493,
            0.9789599999999987,
            0.0
        ],
        [
            0.0005573762814290699,
            1.0,
            0.10907801007846371,
            0.9789799999999989,
            0.0
        ],
        [
            0.000545316954065756,
            1.0,
            0.10940945259797404,
            0.979019999999999,
            0.0
        ],
        [
            0.0005307453857443204,
            1.0,
            0.10920465545142055,
            0.979139999999999,
            0.0
        ],
        [
            0.0005211691515764341,
            1.0,
            0.10966719162975747,
            0.9790599999999989,
            0.0
        ],
        [
            0.000515729382253182,
            1.0,
            0.11001503351946551,
            0.9790199999999991,
            0.0
        ],
        [
            0.0005051882921411079,
            1.0,
            0.11022497661801771,
            0.9789799999999991,
            0.0
        ],
        [
            0.0004968453994059687,
            1.0,
            0.11044003644706782,
            0.9791199999999989,
            0.0
        ],
        [
            0.0004877162952882807,
            1.0,
            0.11049852669746407,
            0.9790199999999988,
            0.0
        ],
        [
            0.0004759090263220408,
            1.0,
            0.11062403168297708,
            0.9790799999999991,
            0.0
        ],
        [
            0.00047454918535163785,
            1.0,
            0.11088692555758661,
            0.978999999999999,
            0.0
        ],
        [
            0.00046096669161822855,
            1.0,
            0.11106998520339137,
            0.979199999999999,
            0.0
        ],
        [
            0.00045371900705199646,
            1.0,
            0.11138352427292735,
            0.9790599999999987,
            0.0
        ],
        [
            0.0004488599021024931,
            1.0,
            0.11176556459061815,
            0.9790199999999988,
            0.0
        ],
        [
            0.00044253768811303813,
            1.0,
            0.11170852010670687,
            0.9789599999999989,
            0.0
        ],
        [
            0.0004326909986383695,
            1.0,
            0.11213964082757455,
            0.9791599999999991,
            0.0
        ],
        [
            0.00042675716748192486,
            1.0,
            0.11238644059367897,
            0.9791199999999991,
            0.0
        ],
        [
            0.00042040913150728846,
            1.0,
            0.11247637699631116,
            0.9789799999999991,
            0.0
        ],
        [
            0.0004126766208039349,
            1.0,
            0.11247566792052202,
            0.9790999999999992,
            0.0
        ],
        [
            0.00040656393871582884,
            1.0,
            0.11293132357544622,
            0.979099999999999,
            0.0
        ],
        [
            0.00040287315389400007,
            1.0,
            0.11293594984800033,
            0.9789599999999992,
            0.0
        ]
    ],
    [
        [
            2.4194511498758677,
            0.08140799999999995,
            2.412155841340865,
            0.08543999999999993,
            0.0
        ],
        [
            0.2817794945394846,
            0.9187080000000017,
            0.26487426934085667,
            0.9230799999999995,
            0.0
        ],
        [
            0.21511514520534422,
            0.9376440000000048,
            0.20709076087606731,
            0.9409799999999994,
            0.0
        ],
        [
            0.17304428314173842,
            0.949460000000008,
            0.1714109982460385,
            0.9511399999999991,
            0.0
        ],
        [
            0.13973484723493496,
            0.959184000000009,
            0.1450537140230968,
            0.959219999999999,
            0.0
        ],
        [
            0.12142543009777378,
            0.9642840000000096,
            0.13137143681388852,
            0.9625399999999988,
            0.0
        ],
        [
            0.10609646557896175,
            0.96892800000001,
            0.12083164641272508,
            0.9653799999999991,
            0.0
        ],
        [
            0.0912027325720845,
            0.9730480000000092,
            0.1107246202467985,
            0.9680399999999991,
            0.0
        ],
        [
            0.08099650345930366,
            0.9765680000000089,
            0.10418840566088634,
            0.970339999999999,
            0.0
        ],
        [
            0.07407715552735791,
            0.9783000000000085,
            0.09992457408387953,
            0.970859999999999,
            0.0
        ],
        [
            0.06615892654890107,
            0.9804600000000081,
            0.09603506483245268,
            0.9721199999999989,
            0.0
        ],
        [
            0.059595099903535086,
            0.9829000000000075,
            0.09103750391865591,
            0.9735999999999991,
            0.0
        ],
        [
            0.055338978598126774,
            0.9840000000000071,
            0.0896074757719297,
            0.9731599999999988,
            0.0
        ],
        [
            0.05062873650243921,
            0.9854640000000066,
            0.08773571467880358,
            0.9741799999999994,
            0.0
        ],
        [
            0.04614629976264113,
            0.9869320000000062,
            0.08679966498528362,
            0.9748999999999992,
            0.0
        ],
        [
            0.04126967845059094,
            0.9883720000000057,
            0.08332894681313412,
            0.9758999999999988,
            0.0
        ],
        [
            0.037266487810956275,
            0.9896520000000052,
            0.08250681027251852,
            0.975959999999999,
            0.0
        ],
        [
            0.035475267545066844,
            0.9902480000000049,
            0.0828221183674265,
            0.9760799999999991,
            0.0
        ],
        [
            0.033393274755665905,
            0.9910040000000047,
            0.08354746686567577,
            0.9763799999999991,
            0.0
        ],
        [
            0.032244948779540185,
            0.9910320000000047,
            0.084539247431385,
            0.9753799999999992,
            0.0
        ],
        [
            0.027459452010909952,
            0.9931040000000037,
            0.08088892952698175,
            0.9762999999999991,
            0.0
        ],
        [
            0.025929239317084296,
            0.9933120000000034,
            0.08217342281059759,
            0.9763799999999991,
            0.0
        ],
        [
            0.024411765671381556,
            0.9936760000000036,
            0.08221285035627618,
            0.976699999999999,
            0.0
        ],
        [
            0.020936821867835815,
            0.9948760000000029,
            0.08039305819728458,
            0.9775399999999991,
            0.0
        ],
        [
            0.019270090630049988,
            0.9955400000000025,
            0.08008334599476948,
            0.977419999999999,
            0.0
        ],
        [
            0.01771785024049555,
            0.9962040000000021,
            0.08052847427647664,
            0.977719999999999,
            0.0
        ],
        [
            0.017007308874116108,
            0.9963600000000021,
            0.08216262520430917,
            0.9777599999999989,
            0.0
        ],
        [
            0.015564483013157973,
            0.9968600000000019,
            0.0809316232979279,
            0.9777599999999991,
            0.0
        ],
        [
            0.01407157768540029,
            0.9973160000000018,
            0.08134779263135287,
            0.9775399999999992,
            0.0
        ],
        [
            0.012497983109053317,
            0.9977840000000013,
            0.08163250330791676,
            0.9778999999999991,
            0.0
        ],
        [
            0.01202828782052037,
            0.9979080000000012,
            0.08481897551149828,
            0.977299999999999,
            0.0
        ],
        [
            0.011193764736763253,
            0.9981840000000011,
            0.08442105261219539,
            0.9778599999999992,
            0.0
        ],
        [
            0.00977152134443922,
            0.9985680000000008,
            0.08182044706168556,
            0.9782799999999989,
            0.0
        ],
        [
            0.009252617556271738,
            0.9986480000000008,
            0.08382489235598645,
            0.9783399999999988,
            0.0
        ],
        [
            0.008103324033015759,
            0.9989920000000007,
            0.08475252904877768,
            0.9783399999999991,
            0.0
        ],
        [
            0.007541696331570919,
            0.9992120000000005,
            0.08548992262542962,
            0.9778999999999989,
            0.0
        ],
        [
            0.00762252142331067,
            0.9990320000000006,
            0.08762616985307921,
            0.9779799999999991,
            0.0
        ],
        [
            0.006498045018336704,
            0.9993800000000004,
            0.08642422178241893,
            0.9784399999999989,
            0.0
        ],
        [
            0.005858219847217258,
            0.9995280000000004,
            0.08688501933334694,
            0.9781799999999992,
            0.0
        ],
        [
            0.005398122120387176,
            0.9996080000000003,
            0.08758290305848451,
            0.9785399999999989,
            0.0
        ],
        [
            0.004914266508007026,
            0.9996920000000001,
            0.087714270917911,
            0.9787599999999991,
            0.0
        ],
        [
            0.004812656153135224,
            0.9996720000000001,
            0.08911908983257504,
            0.9780999999999993,
            0.0
        ],
        [
            0.004213182820393622,
            0.9997880000000002,
            0.08904656619620654,
            0.978939999999999,
            0.0
        ],
        [
            0.003992465697154888,
            0.9998240000000003,
            0.08959444750193418,
            0.9787599999999989,
            0.0
        ],
        [
            0.00375042278300221,
            0.9998640000000002,
            0.09021686368022366,
            0.978259999999999,
            0.0
        ],
        [
            0.003490613036429148,
            0.9998760000000001,
            0.09065868486691084,
            0.9787599999999994,
            0.0
        ],
        [
            0.003336133102267215,
            0.9998880000000001,
            0.09184925082568099,
            0.978259999999999,
            0.0
        ],
        [
            0.002984802400139417,
            0.99992,
            0.09196364235994946,
            0.978659999999999,
            0.0
        ],
        [
            0.0029336301785794264,
            0.9999120000000001,
            0.0928763216270935,
            0.9785799999999991,
            0.0
        ],
        [
            0.002749998218859176,
            0.9999439999999999,
            0.09375712415819798,
            0.978619999999999,
            0.0
        ],
        [
            0.0026050493961466497,
            0.999928,
            0.0943376735751367,
            0.9785399999999989,
            0.0
        ],
        [
            0.00244747169595918,
            0.9999520000000001,
            0.09404199265752171,
            0.9786599999999991,
            0.0
        ],
        [
            0.0023667454467417343,
            0.9999480000000001,
            0.09475632675006616,
            0.978619999999999,
            0.0
        ],
        [
            0.00223203529898999,
            0.9999840000000001,
            0.09513150923000332,
            0.9786399999999993,
            0.0
        ],
        [
            0.0021308728513558797,
            0.9999879999999999,
            0.09561867694857697,
            0.9788999999999989,
            0.0
        ],
        [
            0.0020601945681051293,
            0.9999640000000001,
            0.09597161953462674,
            0.9789199999999989,
            0.0
        ],
        [
            0.002032130471997927,
            0.999964,
            0.09720263471462932,
            0.9784399999999991,
            0.0
        ],
        [
            0.0018765923005833324,
            0.9999839999999999,
            0.09715075364842349,
            0.978619999999999,
            0.0
        ],
        [
            0.0018001138104036419,
            0.9999880000000001,
            0.09770958508699144,
            0.978459999999999,
            0.0
        ],
        [
            0.0017231287922588698,
            0.999976,
            0.09842324208871592,
            0.978419999999999,
            0.0
        ],
        [
            0.0016790683033576395,
            0.9999800000000001,
            0.0984346775445788,
            0.9788399999999988,
            0.0
        ],
        [
            0.0015853544232563629,
            0.999992,
            0.09868778030320555,
            0.9788599999999988,
            0.0
        ],
        [
            0.0015527311805414324,
            0.999992,
            0.09920743499321037,
            0.978659999999999,
            0.0
        ],
        [
            0.0014947384823579299,
            0.999996,
            0.10018430131724368,
            0.978559999999999,
            0.0
        ],
        [
            0.0014337512046654077,
            1.0,
            0.10004122049298778,
            0.9789599999999987,
            0.0
        ],
        [
            0.0013822211062041237,
            0.999996,
            0.1006079502709974,
            0.978479999999999,
            0.0
        ],
        [
            0.0013521585320575339,
            1.0,
            0.1017175327279167,
            0.978859999999999,
            0.0
        ],
        [
            0.0012807438218725585,
            1.0,
            0.10124633236168364,
            0.9786999999999992,
            0.0
        ],
        [
            0.0012603987096961595,
            1.0,
            0.10173587009536862,
            0.978639999999999,
            0.0
        ],
        [
            0.0012150609597980778,
            1.0,
            0.10201706157439605,
            0.9787399999999989,
            0.0
        ],
        [
            0.0011920940613356003,
            1.0,
            0.10282113253798712,
            0.978739999999999,
            0.0
        ],
        [
            0.0011464199047351437,
            1.0,
            0.1029706683152031,
            0.9785599999999992,
            0.0
        ],
        [
            0.00110718759329431,
            1.0,
            0.10306937336498771,
            0.978739999999999,
            0.0
        ],
        [
            0.0010778912684196633,
            1.0,
            0.10366515055869763,
            0.978699999999999,
            0.0
        ],
        [
            0.00105372709911624,
            1.0,
            0.10373527877136043,
            0.978939999999999,
            0.0
        ],
        [
            0.0010259389183363715,
            1.0,
            0.10411343433131455,
            0.9785399999999992,
            0.0
        ],
        [
            0.000994478666455478,
            1.0,
            0.10464761139434071,
            0.9787199999999989,
            0.0
        ],
        [
            0.0009837231604438207,
            1.0,
            0.10500960293942399,
            0.9787199999999991,
            0.0
        ],
        [
            0.0009520607237481799,
            1.0,
            0.10507362026539364,
            0.978779999999999,
            0.0
        ],
        [
            0.0009274314558023295,
            1.0,
            0.1055473665017437,
            0.978839999999999,
            0.0
        ],
        [
            0.0008984504793519678,
            1.0,
            0.1058398738098564,
            0.9784399999999991,
            0.0
        ],
        [
            0.000895769298042026,
            1.0,
            0.10604220331966116,
            0.9785999999999989,
            0.0
        ],
        [
            0.0008651833937250974,
            1.0,
            0.10650727458098044,
            0.978739999999999,
            0.0
        ],
        [
            0.0008354027241933789,
            1.0,
            0.10655585507670987,
            0.978619999999999,
            0.0
        ],
        [
            0.0008211590846918099,
            1.0,
            0.1067564829486614,
            0.9787599999999989,
            0.0
        ],
        [
            0.0008135392231085417,
            1.0,
            0.10745275408039057,
            0.9786199999999988,
            0.0
        ],
        [
            0.0007920476471250512,
            1.0,
            0.10750394325292571,
            0.9787599999999989,
            0.0
        ],
        [
            0.0007763828981409469,
            1.0,
            0.1077849361520549,
            0.9785999999999989,
            0.0
        ],
        [
            0.000758112848753047,
            1.0,
            0.10819417075599627,
            0.9785799999999988,
            0.0
        ],
        [
            0.0007379759560861852,
            1.0,
            0.10793583877115569,
            0.9787999999999991,
            0.0
        ],
        [
            0.0007343323102504124,
            1.0,
            0.10867710611007401,
            0.9787599999999989,
            0.0
        ],
        [
            0.0007112067615250189,
            1.0,
            0.10886087333768146,
            0.9785799999999989,
            0.0
        ],
        [
            0.0006946977966710694,
            1.0,
            0.10906776487172729,
            0.9786599999999991,
            0.0
        ],
        [
            0.0006924521054581698,
            1.0,
            0.10946626069455516,
            0.9785199999999991,
            0.0
        ],
        [
            0.0006728298042286203,
            1.0,
            0.10952183135632379,
            0.978619999999999,
            0.0
        ],
        [
            0.0006551272632441126,
            1.0,
            0.10985141479696295,
            0.9784999999999993,
            0.0
        ],
        [
            0.0006422860466789488,
            1.0,
            0.11025770846441418,
            0.9785599999999992,
            0.0
        ],
        [
            0.0006352786176276789,
            1.0,
            0.11054094471453557,
            0.9783399999999991,
            0.0
        ],
        [
            0.000627926693236121,
            1.0,
            0.11085321155133032,
            0.9786199999999988,
            0.0
        ],
        [
            0.0006097256619655709,
            1.0,
            0.11103796697456081,
            0.9783599999999991,
            0.0
        ],
        [
            0.0006052933874945148,
            1.0,
            0.11108293587479412,
            0.978559999999999,
            0.0
        ]
    ],
    [
        [
            2.608133070068458,
            0.08909199999999999,
            2.5993692860511715,
            0.0921199999999999,
            0.0
        ],
        [
            0.2718189323716348,
            0.9215960000000025,
            0.25866476681486994,
            0.9254399999999997,
            0.0
        ],
        [
            0.21058028894275577,
            0.938180000000005,
            0.2062230597517008,
            0.9410599999999991,
            0.0
        ],
        [
            0.1656162978027228,
            0.9516440000000082,
            0.16842473811616038,
            0.952479999999999,
            0.0
        ],
        [
            0.131898544363267,
            0.9612560000000092,
            0.14257863844449306,
            0.9607199999999987,
            0.0
        ],
        [
            0.11267714485427464,
            0.9669360000000096,
            0.12816584194551572,
            0.963339999999999,
            0.0
        ],
        [
            0.09854756300769178,
            0.9711120000000093,
            0.11959138099160518,
            0.9655599999999991,
            0.0
        ],
        [
            0.08376465272402592,
            0.9753400000000086,
            0.11000450415094713,
            0.9680999999999989,
            0.0
        ],
        [
            0.07494180079223096,
            0.9782080000000087,
            0.10445453678269587,
            0.9697599999999993,
            0.0
        ],
        [
            0.0683808513803757,
            0.9799760000000077,
            0.10129882950347176,
            0.9698199999999989,
            0.0
        ],
        [
            0.05948530540782998,
            0.9826440000000073,
            0.09644871518621415,
            0.9709199999999989,
            0.0
        ],
        [
            0.05342475422693671,
            0.9848240000000066,
            0.09322420785967653,
            0.9721799999999992,
            0.0
        ],
        [
            0.05053048121480734,
            0.9852400000000069,
            0.09301987032690817,
            0.9721799999999992,
            0.0
        ],
        [
            0.04511184384622882,
            0.9871680000000062,
            0.09045292140298893,
            0.973359999999999,
            0.0
        ],
        [
            0.04190941521952625,
            0.9880720000000057,
            0.09160433551494078,
            0.9730199999999991,
            0.0
        ],
        [
            0.035924122958176576,
            0.989988000000005,
            0.08685154930932987,
            0.973979999999999,
            0.0
        ],
        [
            0.03323004924499925,
            0.9907800000000048,
            0.08702254360120291,
            0.9744399999999992,
            0.0
        ],
        [
            0.03162938475261613,
            0.9913520000000045,
            0.08860232571338766,
            0.9742399999999989,
            0.0
        ],
        [
            0.030344058544455398,
            0.991700000000004,
            0.09011506910368589,
            0.9735599999999989,
            0.0
        ],
        [
            0.028717976900987707,
            0.9921720000000043,
            0.09044976997448542,
            0.9734599999999993,
            0.0
        ],
        [
            0.024050108793548425,
            0.9940720000000033,
            0.0872174111846011,
            0.975119999999999,
            0.0
        ],
        [
            0.02126235594551277,
            0.9949280000000027,
            0.0871627153792087,
            0.9747999999999989,
            0.0
        ],
        [
            0.01997211008881209,
            0.9954760000000025,
            0.08740871088725775,
            0.9747799999999991,
            0.0
        ],
        [
            0.01734860078167004,
            0.9964440000000019,
            0.08705788829147414,
            0.9755199999999989,
            0.0
        ],
        [
            0.01613673661369609,
            0.9966080000000022,
            0.08698748164459867,
            0.9757799999999991,
            0.0
        ],
        [
            0.014692222673813616,
            0.9972120000000017,
            0.0872620540051221,
            0.975799999999999,
            0.0
        ],
        [
            0.01403604607157483,
            0.9972280000000016,
            0.08933826202667441,
            0.9762199999999985,
            0.0
        ],
        [
            0.012010177831040926,
            0.9980200000000012,
            0.08790725862256753,
            0.9765599999999989,
            0.0
        ],
        [
            0.011680838435474955,
            0.9979880000000012,
            0.08852307369681016,
            0.9761199999999988,
            0.0
        ],
        [
            0.009760548344483207,
            0.998620000000001,
            0.08858779308984091,
            0.9762199999999993,
            0.0
        ],
        [
            0.00905296539118654,
            0.9988800000000007,
            0.09048879989963682,
            0.9762799999999994,
            0.0
        ],
        [
            0.008202932302264923,
            0.9990160000000007,
            0.09051104056492121,
            0.976199999999999,
            0.0
        ],
        [
            0.007361639757684052,
            0.9992680000000004,
            0.08946534438289029,
            0.9765999999999991,
            0.0
        ],
        [
            0.007079453585113045,
            0.9993040000000004,
            0.09091589722384533,
            0.9765999999999989,
            0.0
        ],
        [
            0.006271189617853325,
            0.9994880000000002,
            0.09188870777930123,
            0.976499999999999,
            0.0
        ],
        [
            0.0055529120413192554,
            0.9996320000000003,
            0.0920564479648701,
            0.9765199999999987,
            0.0
        ],
        [
            0.005344886044550582,
            0.9996560000000002,
            0.09399398208587058,
            0.976419999999999,
            0.0
        ],
        [
            0.004796404456385138,
            0.9997320000000002,
            0.09355482810752933,
            0.9769999999999989,
            0.0
        ],
        [
            0.004343687845727707,
            0.9998320000000002,
            0.09434864690383438,
            0.9767799999999991,
            0.0
        ],
        [
            0.004061518309092501,
            0.9998320000000002,
            0.0942586087606547,
            0.9771799999999988,
            0.0
        ],
        [
            0.0037461505355581856,
            0.9998799999999999,
            0.09536899043807137,
            0.9770199999999992,
            0.0
        ],
        [
            0.0036188218832452178,
            0.9998840000000001,
            0.09641166026134222,
            0.9767199999999991,
            0.0
        ],
        [
            0.003284765941870685,
            0.999924,
            0.09635514364751288,
            0.977119999999999,
            0.0
        ],
        [
            0.0030865452196635495,
            0.9999439999999999,
            0.097068658508183,
            0.977239999999999,
            0.0
        ],
        [
            0.0028550009368412776,
            0.9999680000000002,
            0.09714463608847679,
            0.977399999999999,
            0.0
        ],
        [
            0.0027402989209819994,
            0.9999600000000001,
            0.09784806243262378,
            0.9774799999999988,
            0.0
        ],
        [
            0.002732385093981759,
            0.9999480000000002,
            0.09824059973332719,
            0.977159999999999,
            0.0
        ],
        [
            0.002408487661004527,
            0.9999800000000001,
            0.0990879952777941,
            0.9769199999999989,
            0.0
        ],
        [
            0.0023674178269188573,
            0.999976,
            0.09953021334271954,
            0.9771999999999993,
            0.0
        ],
        [
            0.002196493657861074,
            0.9999839999999999,
            0.10077246607246619,
            0.9771599999999989,
            0.0
        ],
        [
            0.0021469525366713677,
            0.999976,
            0.10065479636295997,
            0.9772399999999992,
            0.0
        ],
        [
            0.002002938754526582,
            0.9999880000000001,
            0.10082112495245518,
            0.9775399999999987,
            0.0
        ],
        [
            0.0019094558774125712,
            0.999992,
            0.10109864289822316,
            0.977439999999999,
            0.0
        ],
        [
            0.001836166072088968,
            0.999996,
            0.10166063247896087,
            0.9772799999999991,
            0.0
        ],
        [
            0.0017666444852270115,
            1.0,
            0.10228043558769866,
            0.9772399999999989,
            0.0
        ],
        [
            0.0016923821008706125,
            1.0,
            0.10250618305603931,
            0.9774199999999992,
            0.0
        ],
        [
            0.0016862222772840488,
            0.999992,
            0.10353334719828748,
            0.9771999999999992,
            0.0
        ],
        [
            0.0015605940117012075,
            0.999992,
            0.10344336906170559,
            0.9774599999999991,
            0.0
        ],
        [
            0.0015201220277346887,
            1.0,
            0.1037139691628087,
            0.977399999999999,
            0.0
        ],
        [
            0.0014596487842068486,
            0.999996,
            0.10464150215427,
            0.9774599999999989,
            0.0
        ],
        [
            0.0014384222096297202,
            1.0,
            0.1046352059566514,
            0.977619999999999,
            0.0
        ],
        [
            0.001357430682589997,
            1.0,
            0.10454045119374236,
            0.9775199999999987,
            0.0
        ],
        [
            0.0013502839120240362,
            1.0,
            0.10570454311766957,
            0.9774599999999989,
            0.0
        ],
        [
            0.0012741133306864026,
            1.0,
            0.1059595419504045,
            0.9771999999999992,
            0.0
        ],
        [
            0.0012500257957656293,
            1.0,
            0.10618605620161559,
            0.9772599999999988,
            0.0
        ],
        [
            0.0012111121102276173,
            1.0,
            0.10690564613658753,
            0.9772999999999991,
            0.0
        ],
        [
            0.0011742572152891912,
            1.0,
            0.10700858217287104,
            0.9775399999999991,
            0.0
        ],
        [
            0.0011413288530429696,
            1.0,
            0.10709231868138336,
            0.9775599999999992,
            0.0
        ],
        [
            0.0011029681516319609,
            1.0,
            0.10721822128667173,
            0.9772999999999993,
            0.0
        ],
        [
            0.0010738561300580739,
            1.0,
            0.10777149812093093,
            0.9774199999999988,
            0.0
        ],
        [
            0.001053394197125683,
            1.0,
            0.10821193225857699,
            0.977559999999999,
            0.0
        ],
        [
            0.0010203888922576002,
            1.0,
            0.1085095238227138,
            0.9775599999999989,
            0.0
        ],
        [
            0.0009886313416400344,
            1.0,
            0.10848742584674423,
            0.977579999999999,
            0.0
        ],
        [
            0.0009649698113281906,
            1.0,
            0.10901359457063822,
            0.9776199999999993,
            0.0
        ],
        [
            0.0009455310626601248,
            1.0,
            0.10952911266235073,
            0.977559999999999,
            0.0
        ],
        [
            0.0009248593194779818,
            1.0,
            0.10945729020748511,
            0.977699999999999,
            0.0
        ],
        [
            0.0009012724209049364,
            1.0,
            0.11004352663826604,
            0.9774599999999989,
            0.0
        ],
        [
            0.0008830314224136656,
            1.0,
            0.1104265758878757,
            0.9774599999999989,
            0.0
        ],
        [
            0.0008642869988586129,
            1.0,
            0.11051201703614462,
            0.9776999999999989,
            0.0
        ],
        [
            0.0008413735401492153,
            1.0,
            0.11097214875298193,
            0.9776799999999989,
            0.0
        ],
        [
            0.0008210390844683986,
            1.0,
            0.11107575562166513,
            0.977639999999999,
            0.0
        ],
        [
            0.0008106303029169377,
            1.0,
            0.11116076304546688,
            0.977799999999999,
            0.0
        ],
        [
            0.0007938196136285916,
            1.0,
            0.11142307972008944,
            0.9775799999999991,
            0.0
        ],
        [
            0.0007667827254166767,
            1.0,
            0.11188690126015066,
            0.977579999999999,
            0.0
        ],
        [
            0.0007544828884962743,
            1.0,
            0.1118855589113282,
            0.977579999999999,
            0.0
        ],
        [
            0.000748770844552249,
            1.0,
            0.11260648627168039,
            0.9775199999999987,
            0.0
        ],
        [
            0.0007303178510405873,
            1.0,
            0.11269367736514005,
            0.9775599999999989,
            0.0
        ],
        [
            0.000718789308741984,
            1.0,
            0.11289028590408597,
            0.977619999999999,
            0.0
        ],
        [
            0.0007019762509526807,
            1.0,
            0.11323056472155946,
            0.9775399999999992,
            0.0
        ],
        [
            0.0006870941128552042,
            1.0,
            0.11305242232906687,
            0.9774999999999988,
            0.0
        ],
        [
            0.0006785284213438969,
            1.0,
            0.113388837800714,
            0.9775199999999991,
            0.0
        ],
        [
            0.0006610927011483225,
            1.0,
            0.11374436871946822,
            0.977579999999999,
            0.0
        ],
        [
            0.0006459784880454303,
            1.0,
            0.11382992349815502,
            0.9775999999999989,
            0.0
        ],
        [
            0.0006448997751800026,
            1.0,
            0.1142220437957689,
            0.977479999999999,
            0.0
        ],
        [
            0.0006315850922627593,
            1.0,
            0.11413373617582037,
            0.9774599999999987,
            0.0
        ],
        [
            0.0006133466476972513,
            1.0,
            0.11490674626975701,
            0.9774399999999991,
            0.0
        ],
        [
            0.0006055696541427737,
            1.0,
            0.11492442029206643,
            0.9774999999999991,
            0.0
        ],
        [
            0.0005934842266329477,
            1.0,
            0.11529463404020823,
            0.9775999999999991,
            0.0
        ],
        [
            0.0005862497828424006,
            1.0,
            0.11522379588177825,
            0.9776799999999992,
            0.0
        ],
        [
            0.0005769962151129704,
            1.0,
            0.11581387334623187,
            0.9772999999999991,
            0.0
        ],
        [
            0.000571815597016408,
            1.0,
            0.11583584543976203,
            0.9775799999999988,
            0.0
        ]
    ]
]