[
    [
        [
            2.5611325675641017,
            0.09690800000000005,
            2.554237640394705,
            0.0977399999999999,
            0.0
        ],
        [
            0.33569352108367156,
            0.9015480000000007,
            0.311588268109165,
            0.9084799999999996,
            0.0
        ],
        [
            0.252840430067309,
            0.9248920000000023,
            0.23790927193749792,
            0.9299199999999994,
            0.0
        ],
        [
            0.20429684199846973,
            0.9395600000000064,
            0.19631839499167308,
            0.9441999999999993,
            0.0
        ],
        [
            0.16050996930540368,
            0.9526240000000079,
            0.16096727446309467,
            0.9552199999999994,
            0.0
        ],
        [
            0.13685277441015006,
            0.959912000000009,
            0.14250513301752785,
            0.9592399999999989,
            0.0
        ],
        [
            0.11777015034704019,
            0.9652600000000096,
            0.12862792661169103,
            0.963619999999999,
            0.0
        ],
        [
            0.1013877646685026,
            0.9701200000000089,
            0.11699899210213974,
            0.966979999999999,
            0.0
        ],
        [
            0.08767391493932768,
            0.9746080000000091,
            0.1086496639682871,
            0.9686599999999987,
            0.0
        ],
        [
            0.08285327573448707,
            0.9756320000000092,
            0.10665172438133627,
            0.9689799999999987,
            0.0
        ],
        [
            0.06901128954883666,
            0.9800040000000079,
            0.09815677378444415,
            0.9719399999999989,
            0.0
        ],
        [
            0.06332677723511392,
            0.9818960000000079,
            0.09424341958365597,
            0.9721799999999993,
            0.0
        ],
        [
            0.057686163166044725,
            0.9835640000000072,
            0.09255078294917976,
            0.9723599999999987,
            0.0
        ],
        [
            0.05090974242964423,
            0.985772000000007,
            0.08906015852909868,
            0.9730599999999991,
            0.0
        ],
        [
            0.046586817442281554,
            0.9870280000000063,
            0.08948942668141022,
            0.9741799999999994,
            0.0
        ],
        [
            0.04034119336396511,
            0.9890440000000054,
            0.08466009713165161,
            0.9745999999999988,
            0.0
        ],
        [
            0.03784001947668917,
            0.9897360000000054,
            0.08619691869796428,
            0.974059999999999,
            0.0
        ],
        [
            0.0352459554163639,
            0.9905680000000047,
            0.08466244238663696,
            0.9749199999999989,
            0.0
        ],
        [
            0.03126770664734167,
            0.9918040000000042,
            0.08357856415890208,
            0.9751599999999989,
            0.0
        ],
        [
            0.029443641892766347,
            0.992560000000004,
            0.08390372120245129,
            0.974859999999999,
            0.0
        ],
        [
            0.02646096417342409,
            0.9935320000000034,
            0.0832603963154929,
            0.9748799999999989,
            0.0
        ],
        [
            0.022805776548007434,
            0.9948240000000028,
            0.0820220210689219,
            0.975399999999999,
            0.0
        ],
        [
            0.021031027440317616,
            0.9954520000000026,
            0.0819403788409176,
            0.9755999999999989,
            0.0
        ],
        [
            0.01823295700084932,
            0.9962800000000023,
            0.0818615438880821,
            0.976339999999999,
            0.0
        ],
        [
            0.016442148000819355,
            0.9968640000000019,
            0.08128611187452463,
            0.976339999999999,
            0.0
        ],
        [
            0.014761835807492699,
            0.9974920000000015,
            0.0812574746092265,
            0.9769599999999989,
            0.0
        ],
        [
            0.013244201813598745,
            0.9978400000000013,
            0.08154891550322342,
            0.9767599999999987,
            0.0
        ],
        [
            0.012131201497523615,
            0.9982280000000012,
            0.08175362784750997,
            0.9768999999999991,
            0.0
        ],
        [
            0.011510651829802163,
            0.9983960000000011,
            0.08168941817082843,
            0.9768799999999993,
            0.0
        ],
        [
            0.010109872063466757,
            0.9988080000000007,
            0.08258327683871429,
            0.9767799999999991,
            0.0
        ],
        [
            0.009148477230480394,
            0.9991440000000005,
            0.08255202698869521,
            0.976879999999999,
            0.0
        ],
        [
            0.008253712547820941,
            0.9992360000000005,
            0.08297744672840149,
            0.9772199999999991,
            0.0
        ],
        [
            0.007307077791778788,
            0.9994520000000003,
            0.08169080506741279,
            0.9772199999999991,
            0.0
        ],
        [
            0.006749254034191165,
            0.9996000000000003,
            0.0828487090119824,
            0.9771399999999989,
            0.0
        ],
        [
            0.00641444202135875,
            0.9996000000000003,
            0.08404394253656669,
            0.9772399999999989,
            0.0
        ],
        [
            0.005759498254533793,
            0.9996760000000002,
            0.08395908136668169,
            0.9777999999999988,
            0.0
        ],
        [
            0.0054810365067671065,
            0.9997200000000002,
            0.08436039574462037,
            0.9775799999999991,
            0.0
        ],
        [
            0.005003244256526173,
            0.9998000000000001,
            0.08510306904607276,
            0.977199999999999,
            0.0
        ],
        [
            0.004532671850025075,
            0.9998360000000002,
            0.08494720343626853,
            0.977979999999999,
            0.0
        ],
        [
            0.004247484134510704,
            0.9998720000000001,
            0.08484981770990264,
            0.9780399999999988,
            0.0
        ],
        [
            0.00391171198424173,
            0.999924,
            0.08544511308561366,
            0.9777199999999988,
            0.0
        ],
        [
            0.003825379372738446,
            0.9999120000000001,
            0.08644943833768012,
            0.9778999999999989,
            0.0
        ],
        [
            0.0034913926060048056,
            0.9999520000000001,
            0.08591637912871117,
            0.9775599999999992,
            0.0
        ],
        [
            0.0032978615933437717,
            0.999968,
            0.08631046316607063,
            0.9778599999999991,
            0.0
        ],
        [
            0.0031615814559360867,
            0.999976,
            0.08752370828273624,
            0.9777399999999987,
            0.0
        ],
        [
            0.003045841351539147,
            0.9999560000000001,
            0.08788333498763737,
            0.9780399999999991,
            0.0
        ],
        [
            0.0028563064355070582,
            0.999992,
            0.08806311331909686,
            0.9778199999999988,
            0.0
        ],
        [
            0.0026983348402205313,
            0.9999800000000001,
            0.08875661697295352,
            0.9778599999999991,
            0.0
        ],
        [
            0.0025885554766545684,
            0.999992,
            0.08826648354293302,
            0.9780799999999991,
            0.0
        ],
        [
            0.002433013206369082,
            0.9999880000000001,
            0.08892355962982329,
            0.9779199999999989,
            0.0
        ],
        [
            0.0023565332374756867,
            0.999996,
            0.08954037329183483,
            0.9777599999999991,
            0.0
        ],
        [
            0.002244971075774093,
            0.999996,
            0.08951066435325294,
            0.977879999999999,
            0.0
        ],
        [
            0.00216526497740642,
            0.999996,
            0.08973471900484414,
            0.978019999999999,
            0.0
        ],
        [
            0.0020856470622039156,
            1.0,
            0.08959112460768799,
            0.9780199999999992,
            0.0
        ],
        [
            0.0020041767213138184,
            1.0,
            0.09039793785304359,
            0.9779599999999988,
            0.0
        ],
        [
            0.0019365273859242866,
            1.0,
            0.0904413185534805,
            0.9780599999999987,
            0.0
        ],
        [
            0.0019126726729786618,
            0.999992,
            0.09083358167762771,
            0.9777999999999991,
            0.0
        ],
        [
            0.0017936168633545398,
            1.0,
            0.09090799958608511,
            0.9781599999999988,
            0.0
        ],
        [
            0.0017403195065338983,
            1.0,
            0.09105266069820879,
            0.9779999999999991,
            0.0
        ],
        [
            0.00167825980256256,
            1.0,
            0.09181714274895433,
            0.9780399999999991,
            0.0
        ],
        [
            0.0016347676049349765,
            1.0,
            0.09208525463344197,
            0.9779999999999989,
            0.0
        ],
        [
            0.0015819063281104536,
            1.0,
            0.09238490056088101,
            0.9782399999999992,
            0.0
        ],
        [
            0.001554161508233828,
            1.0,
            0.09241458584755666,
            0.977979999999999,
            0.0
        ],
        [
            0.001488455654500409,
            1.0,
            0.0929177105424018,
            0.9778199999999988,
            0.0
        ],
        [
            0.0014565938948427292,
            1.0,
            0.0930090409400682,
            0.978159999999999,
            0.0
        ],
        [
            0.001419631521942487,
            1.0,
            0.09354585661788843,
            0.977799999999999,
            0.0
        ],
        [
            0.0013663841536554547,
            1.0,
            0.09377145500462783,
            0.978019999999999,
            0.0
        ],
        [
            0.0013244690346552689,
            1.0,
            0.09371512083116446,
            0.978019999999999,
            0.0
        ],
        [
            0.0012975802995654634,
            1.0,
            0.0938863411970591,
            0.978099999999999,
            0.0
        ],
        [
            0.0012516215172931275,
            1.0,
            0.09413801018408455,
            0.9780799999999987,
            0.0
        ],
        [
            0.0012308562413008363,
            1.0,
            0.09430077352506241,
            0.9779399999999988,
            0.0
        ],
        [
            0.0011969052222056205,
            1.0,
            0.09492064781875964,
            0.9779999999999986,
            0.0
        ],
        [
            0.0011697423963192865,
            1.0,
            0.09492949414713568,
            0.9780999999999989,
            0.0
        ],
        [
            0.0011390511700717135,
            1.0,
            0.09531544177750428,
            0.9778999999999991,
            0.0
        ],
        [
            0.0011115576071333995,
            1.0,
            0.09525275670102058,
            0.978159999999999,
            0.0
        ],
        [
            0.0010942327276146336,
            1.0,
            0.09531251033282649,
            0.9781799999999994,
            0.0
        ],
        [
            0.0010563987373628813,
            1.0,
            0.09568564718299652,
            0.977919999999999,
            0.0
        ],
        [
            0.0010484893900524683,
            1.0,
            0.09583906659153912,
            0.9779599999999992,
            0.0
        ],
        [
            0.0010281699858945667,
            1.0,
            0.09585937968946648,
            0.9780399999999989,
            0.0
        ],
        [
            0.0009967236103889166,
            1.0,
            0.09606643870113264,
            0.978159999999999,
            0.0
        ],
        [
            0.0009800612733033966,
            1.0,
            0.09644079778481363,
            0.9778799999999988,
            0.0
        ],
        [
            0.0009666500660411327,
            1.0,
            0.09677375012857004,
            0.9779799999999987,
            0.0
        ],
        [
            0.0009391943377409365,
            1.0,
            0.09679642069731098,
            0.9782399999999987,
            0.0
        ],
        [
            0.000913653913280792,
            1.0,
            0.09677056163983935,
            0.9781799999999992,
            0.0
        ],
        [
            0.0009043382085408532,
            1.0,
            0.09688184657498704,
            0.9781999999999991,
            0.0
        ],
        [
            0.0008879071911247118,
            1.0,
            0.09741110645913136,
            0.9779999999999991,
            0.0
        ],
        [
            0.0008668889902177527,
            1.0,
            0.09775797175342463,
            0.9781399999999991,
            0.0
        ],
        [
            0.0008615382559183325,
            1.0,
            0.09765280669891808,
            0.9779799999999987,
            0.0
        ],
        [
            0.0008394149537959061,
            1.0,
            0.09751588886302502,
            0.9780399999999989,
            0.0
        ],
        [
            0.0008223486539909059,
            1.0,
            0.09767470620635266,
            0.9780999999999992,
            0.0
        ],
        [
            0.000811620626581365,
            1.0,
            0.09797869215071559,
            0.9780399999999991,
            0.0
        ],
        [
            0.0007888853551180824,
            1.0,
            0.09808009670490599,
            0.9780399999999988,
            0.0
        ],
        [
            0.0007789075903314694,
            1.0,
            0.09828111817438503,
            0.9779599999999989,
            0.0
        ],
        [
            0.0007702176929878146,
            1.0,
            0.09855137296156877,
            0.9781199999999991,
            0.0
        ],
        [
            0.0007557526019033201,
            1.0,
            0.09848299879028963,
            0.978199999999999,
            0.0
        ],
        [
            0.0007385710949042921,
            1.0,
            0.09886204890294902,
            0.9780799999999994,
            0.0
        ],
        [
            0.0007285451714635225,
            1.0,
            0.0990147009224702,
            0.978099999999999,
            0.0
        ],
        [
            0.0007152970249038385,
            1.0,
            0.09913120247575569,
            0.978019999999999,
            0.0
        ],
        [
            0.0007042218959295285,
            1.0,
            0.09935909976485882,
            0.9779199999999992,
            0.0
        ],
        [
            0.0006935995749757735,
            1.0,
            0.09953219938734534,
            0.9782199999999992,
            0.0
        ],
        [
            0.0006893486025997576,
            1.0,
            0.09990457544479382,
            0.9780399999999989,
            0.0
        ]
    ],
    [
        [
            2.3556259645237274,
            0.09181999999999996,
            2.350957655190171,
            0.0947799999999999,
            0.0
        ],
        [
            0.12062665725825723,
            0.9632640000000094,
            0.1295898607342191,
            0.9614799999999988,
            0.0
        ],
        [
            0.08249221187466496,
            0.973796000000009,
            0.1063672963419143,
            0.9681399999999989,
            0.0
        ],
        [
            0.05919150112152941,
            0.9818960000000077,
            0.09488867805455112,
            0.971199999999999,
            0.0
        ],
        [
            0.04837976342807693,
            0.9844960000000069,
            0.09428426408598742,
            0.971779999999999,
            0.0
        ],
        [
            0.04068977377773826,
            0.9866920000000066,
            0.09257527969636356,
            0.9735199999999994,
            0.0
        ],
        [
            0.02893030966107054,
            0.9907440000000047,
            0.08680102142822035,
            0.975899999999999,
            0.0
        ],
        [
            0.02467761335990599,
            0.9918240000000041,
            0.09277630797894156,
            0.9757999999999992,
            0.0
        ],
        [
            0.019648863576400614,
            0.9937600000000033,
            0.08985048056661996,
            0.9763799999999991,
            0.0
        ],
        [
            0.01694735394034142,
            0.9942040000000032,
            0.09056726101889515,
            0.9772199999999989,
            0.0
        ],
        [
            0.014895779556496269,
            0.9951920000000026,
            0.0984627095596706,
            0.9754799999999989,
            0.0
        ],
        [
            0.015882546369667634,
            0.9946960000000029,
            0.10224909852532034,
            0.9756999999999989,
            0.0
        ],
        [
            0.009366450906804871,
            0.9969360000000018,
            0.10142176241759189,
            0.9769599999999989,
            0.0
        ],
        [
            0.0062322612783395764,
            0.9981120000000011,
            0.09795448644018714,
            0.978779999999999,
            0.0
        ],
        [
            0.005512360237644978,
            0.9983840000000009,
            0.10191829217539097,
            0.9784199999999993,
            0.0
        ],
        [
            0.0034567821089401484,
            0.9990400000000005,
            0.09983698605342525,
            0.9799999999999986,
            0.0
        ],
        [
            0.0016148868853783159,
            0.999716,
            0.09686687429016136,
            0.9806799999999992,
            0.0
        ],
        [
            0.0010969292614132148,
            0.9997640000000001,
            0.09771867158133792,
            0.980839999999999,
            0.0
        ],
        [
            0.0003881264864591894,
            0.9999880000000001,
            0.09720314074126575,
            0.981499999999999,
            0.0
        ],
        [
            0.0002575162823117782,
            1.0,
            0.0972992399186923,
            0.9819399999999989,
            0.0
        ],
        [
            0.00022629346758559201,
            1.0,
            0.09866312536795273,
            0.981819999999999,
            0.0
        ],
        [
            0.00019839960532175502,
            1.0,
            0.09953270289075714,
            0.9818599999999993,
            0.0
        ],
        [
            0.000179917404316688,
            1.0,
            0.10052627299509005,
            0.9816999999999994,
            0.0
        ],
        [
            0.00016566199388497508,
            1.0,
            0.10141035383902039,
            0.9818799999999989,
            0.0
        ],
        [
            0.0001561697403504484,
            1.0,
            0.10177030922242383,
            0.981859999999999,
            0.0
        ],
        [
            0.00014540123658694708,
            1.0,
            0.10273062717571968,
            0.9818799999999992,
            0.0
        ],
        [
            0.0001376176417006708,
            1.0,
            0.1032520191685847,
            0.9820399999999989,
            0.0
        ],
        [
            0.00012932932141809767,
            1.0,
            0.10372996249130591,
            0.9818599999999991,
            0.0
        ],
        [
            0.00012221407783244475,
            1.0,
            0.10418298207696727,
            0.9819799999999986,
            0.0
        ],
        [
            0.00011693402180039633,
            1.0,
            0.10485115906969603,
            0.9817399999999992,
            0.0
        ],
        [
            0.00011105197935541642,
            1.0,
            0.10535073675815287,
            0.9818599999999993,
            0.0
        ],
        [
            0.00010630433052604497,
            1.0,
            0.10590354144976129,
            0.9817999999999991,
            0.0
        ],
        [
            0.00010208861639456498,
            1.0,
            0.10621235639146873,
            0.9817799999999991,
            0.0
        ],
        [
            9.763039979134722e-05,
            1.0,
            0.10665506230649094,
            0.9818599999999993,
            0.0
        ],
        [
            9.415144959285994e-05,
            1.0,
            0.10699710836036502,
            0.981759999999999,
            0.0
        ],
        [
            9.06245608276573e-05,
            1.0,
            0.10739877874909125,
            0.9817399999999988,
            0.0
        ],
        [
            8.763352835228051e-05,
            1.0,
            0.10785324547789459,
            0.981819999999999,
            0.0
        ],
        [
            8.437605211847682e-05,
            1.0,
            0.1081940716669874,
            0.981819999999999,
            0.0
        ],
        [
            8.178180540375494e-05,
            1.0,
            0.10855670627099015,
            0.981819999999999,
            0.0
        ],
        [
            7.920197903379947e-05,
            1.0,
            0.10893313295914406,
            0.9817999999999989,
            0.0
        ],
        [
            7.665767036512589e-05,
            1.0,
            0.10924606273616666,
            0.9816599999999989,
            0.0
        ],
        [
            7.440895277829044e-05,
            1.0,
            0.10961970664995513,
            0.9816999999999994,
            0.0
        ],
        [
            7.213893566108817e-05,
            1.0,
            0.10993143408310532,
            0.9816599999999991,
            0.0
        ],
        [
            7.038986285356428e-05,
            1.0,
            0.11026206837927228,
            0.9817399999999987,
            0.0
        ],
        [
            6.831253270287528e-05,
            1.0,
            0.11049755293853583,
            0.9817199999999993,
            0.0
        ],
        [
            6.65534993916007e-05,
            1.0,
            0.11075943994726001,
            0.9817799999999991,
            0.0
        ],
        [
            6.492977147948278e-05,
            1.0,
            0.11113267957114985,
            0.9815999999999991,
            0.0
        ],
        [
            6.32177691728374e-05,
            1.0,
            0.11141012796566918,
            0.9817199999999989,
            0.0
        ],
        [
            6.167675336128848e-05,
            1.0,
            0.11161360755325281,
            0.9817799999999991,
            0.0
        ],
        [
            6.025577351673406e-05,
            1.0,
            0.11199060138179628,
            0.981679999999999,
            0.0
        ],
        [
            5.877453210546551e-05,
            1.0,
            0.11217146795752667,
            0.9816399999999991,
            0.0
        ],
        [
            5.740093715369515e-05,
            1.0,
            0.112424245184735,
            0.981719999999999,
            0.0
        ],
        [
            5.617796028735032e-05,
            1.0,
            0.11270296527143801,
            0.9816599999999991,
            0.0
        ],
        [
            5.497840353042439e-05,
            1.0,
            0.1129190103116369,
            0.9816599999999991,
            0.0
        ],
        [
            5.3776033437422286e-05,
            1.0,
            0.11315912586538981,
            0.9816799999999988,
            0.0
        ],
        [
            5.2637776302726025e-05,
            1.0,
            0.11338187488346893,
            0.9815599999999993,
            0.0
        ],
        [
            5.1594136437648296e-05,
            1.0,
            0.113558007599923,
            0.9817199999999993,
            0.0
        ],
        [
            5.057929055976476e-05,
            1.0,
            0.11381092569082718,
            0.9816199999999989,
            0.0
        ],
        [
            4.952732687796603e-05,
            1.0,
            0.11400594106118397,
            0.9815999999999988,
            0.0
        ],
        [
            4.8615669340087934e-05,
            1.0,
            0.11430017489311424,
            0.9816799999999992,
            0.0
        ],
        [
            4.774529667799227e-05,
            1.0,
            0.11453859477577999,
            0.9816199999999989,
            0.0
        ],
        [
            4.675163470261791e-05,
            1.0,
            0.11465129458108483,
            0.9816399999999991,
            0.0
        ],
        [
            4.593232885512915e-05,
            1.0,
            0.11486661613312443,
            0.981599999999999,
            0.0
        ],
        [
            4.510303589213314e-05,
            1.0,
            0.1151205347228615,
            0.9816599999999989,
            0.0
        ],
        [
            4.431595277259385e-05,
            1.0,
            0.11527905058565113,
            0.9816399999999991,
            0.0
        ],
        [
            4.353919979067457e-05,
            1.0,
            0.11556722212312587,
            0.9816599999999991,
            0.0
        ],
        [
            4.279210519253417e-05,
            1.0,
            0.11567212413466148,
            0.9816399999999993,
            0.0
        ],
        [
            4.2135898640529336e-05,
            1.0,
            0.11589928926504264,
            0.9815999999999988,
            0.0
        ],
        [
            4.1394555701175184e-05,
            1.0,
            0.11605222274901021,
            0.9815399999999987,
            0.0
        ],
        [
            4.068221048707724e-05,
            1.0,
            0.11620214757546157,
            0.9816799999999988,
            0.0
        ],
        [
            4.005181670477321e-05,
            1.0,
            0.11637929601164085,
            0.981639999999999,
            0.0
        ],
        [
            3.9393787104667014e-05,
            1.0,
            0.11662131252171352,
            0.9816599999999991,
            0.0
        ],
        [
            3.886346561318222e-05,
            1.0,
            0.11678676779598587,
            0.9815599999999991,
            0.0
        ],
        [
            3.821628673367475e-05,
            1.0,
            0.11690803961699672,
            0.981719999999999,
            0.0
        ],
        [
            3.76389952803498e-05,
            1.0,
            0.11710645737974337,
            0.9816199999999992,
            0.0
        ],
        [
            3.706358504813616e-05,
            1.0,
            0.11725921420594818,
            0.9816399999999991,
            0.0
        ],
        [
            3.65318037426307e-05,
            1.0,
            0.11746757830281426,
            0.9815199999999991,
            0.0
        ],
        [
            3.598132668509977e-05,
            1.0,
            0.11761884248916106,
            0.9816199999999992,
            0.0
        ],
        [
            3.546596405966201e-05,
            1.0,
            0.11778981313957133,
            0.981539999999999,
            0.0
        ],
        [
            3.499182446284166e-05,
            1.0,
            0.11798166381287198,
            0.9816199999999992,
            0.0
        ],
        [
            3.448899149037842e-05,
            1.0,
            0.1181296946657312,
            0.981599999999999,
            0.0
        ],
        [
            3.402450303189067e-05,
            1.0,
            0.11831454737206597,
            0.9816399999999991,
            0.0
        ],
        [
            3.3564523157531855e-05,
            1.0,
            0.11844946987607177,
            0.981599999999999,
            0.0
        ],
        [
            3.309145934425679e-05,
            1.0,
            0.11857238900545161,
            0.9816399999999993,
            0.0
        ],
        [
            3.26577122831645e-05,
            1.0,
            0.11873740816223458,
            0.9816399999999991,
            0.0
        ],
        [
            3.22602287880547e-05,
            1.0,
            0.11887899631384524,
            0.9816399999999991,
            0.0
        ],
        [
            3.182175404383256e-05,
            1.0,
            0.11901659871600612,
            0.9816399999999987,
            0.0
        ],
        [
            3.141882774611649e-05,
            1.0,
            0.11916513710747341,
            0.9815599999999988,
            0.0
        ],
        [
            3.102280907657236e-05,
            1.0,
            0.11927720930271886,
            0.981599999999999,
            0.0
        ],
        [
            3.06467147442406e-05,
            1.0,
            0.11942497341990961,
            0.9815599999999993,
            0.0
        ],
        [
            3.0258753835338818e-05,
            1.0,
            0.11958573927983432,
            0.9817599999999992,
            0.0
        ],
        [
            2.9901584973560372e-05,
            1.0,
            0.11971360637141881,
            0.9816799999999988,
            0.0
        ],
        [
            2.953448670274945e-05,
            1.0,
            0.11986385392305547,
            0.9816199999999989,
            0.0
        ],
        [
            2.919402960943327e-05,
            1.0,
            0.12001328981173054,
            0.981539999999999,
            0.0
        ],
        [
            2.8842084248560256e-05,
            1.0,
            0.12016536719649676,
            0.981579999999999,
            0.0
        ],
        [
            2.85076161687089e-05,
            1.0,
            0.12031091749876036,
            0.981579999999999,
            0.0
        ],
        [
            2.8182748002467578e-05,
            1.0,
            0.12042629235322952,
            0.9815599999999991,
            0.0
        ],
        [
            2.7856526684058907e-05,
            1.0,
            0.12053448307177136,
            0.9816399999999991,
            0.0
        ],
        [
            2.7553071317362818e-05,
            1.0,
            0.1207059471018616,
            0.9815599999999993,
            0.0
        ],
        [
            2.723637208329817e-05,
            1.0,
            0.1208109526861526,
            0.9816199999999989,
            0.0
        ],
        [
            2.694153383305302e-05,
            1.0,
            0.12094415319850556,
            0.9815599999999991,
            0.0
        ]
    ],
    [
        [
            2.3557370876484702,
            0.09121199999999995,
            2.351028544457592,
            0.09429999999999991,
            0.0
        ],
        [
            0.12291677877548945,
            0.9628560000000096,
            0.13213107134994323,
            0.960979999999999,
            0.0
        ],
        [
            0.08115659978697184,
            0.974732000000009,
            0.10432801261148832,
            0.9690399999999991,
            0.0
        ],
        [
            0.060391423785547904,
            0.981120000000008,
            0.09592315355710036,
            0.9712599999999991,
            0.0
        ],
        [
            0.04816284865815108,
            0.984576000000007,
            0.09475402112725902,
            0.972559999999999,
            0.0
        ],
        [
            0.04430781390375408,
            0.9853800000000067,
            0.09899073751147265,
            0.9717199999999989,
            0.0
        ],
        [
            0.03305759705797153,
            0.9893960000000053,
            0.09390801183953948,
            0.9743399999999991,
            0.0
        ],
        [
            0.02949002098635518,
            0.990380000000005,
            0.09569740492034626,
            0.9746199999999989,
            0.0
        ],
        [
            0.02156803210923703,
            0.9930400000000038,
            0.09190421198198269,
            0.9754599999999989,
            0.0
        ],
        [
            0.020129821416342508,
            0.9933960000000035,
            0.09525939989491515,
            0.9752599999999989,
            0.0
        ],
        [
            0.014930999577378784,
            0.9951360000000028,
            0.0984191692959152,
            0.9763999999999987,
            0.0
        ],
        [
            0.01894142806148081,
            0.994012000000003,
            0.10446019048485485,
            0.9750199999999987,
            0.0
        ],
        [
            0.010639169240590532,
            0.9967440000000017,
            0.09819732151837604,
            0.9773599999999988,
            0.0
        ],
        [
            0.005818655036671447,
            0.9982120000000009,
            0.09571022068397358,
            0.9793599999999989,
            0.0
        ],
        [
            0.008384741314347199,
            0.9976960000000015,
            0.1062432749626611,
            0.9783799999999993,
            0.0
        ],
        [
            0.004926499462419935,
            0.9984960000000009,
            0.1026275421154889,
            0.9796799999999989,
            0.0
        ],
        [
            0.004879641219091213,
            0.998520000000001,
            0.10472365283663954,
            0.979279999999999,
            0.0
        ],
        [
            0.003212601523843684,
            0.9990440000000007,
            0.1046703498649149,
            0.9797999999999991,
            0.0
        ],
        [
            0.0031836162290600316,
            0.9990680000000005,
            0.10424001917668377,
            0.9794399999999992,
            0.0
        ],
        [
            0.0009619510739611066,
            0.9997880000000002,
            0.10119740663576651,
            0.980819999999999,
            0.0
        ],
        [
            0.0015196574541073032,
            0.9996520000000002,
            0.10299340360400151,
            0.9804799999999989,
            0.0
        ],
        [
            0.0009476530328411172,
            0.9997680000000001,
            0.10361326641776814,
            0.9807599999999992,
            0.0
        ],
        [
            0.00021805400145698159,
            0.999996,
            0.10306403165444551,
            0.9810399999999995,
            0.0
        ],
        [
            0.00017376681011019974,
            1.0,
            0.10415219931272171,
            0.981059999999999,
            0.0
        ],
        [
            0.0001576028770923247,
            1.0,
            0.104689376017572,
            0.9811999999999989,
            0.0
        ],
        [
            0.0001453138710077265,
            1.0,
            0.10560680523242265,
            0.9811199999999992,
            0.0
        ],
        [
            0.00013582193675438044,
            1.0,
            0.10636979434740726,
            0.9811999999999991,
            0.0
        ],
        [
            0.00012778674063149717,
            1.0,
            0.10688568969770122,
            0.9811599999999994,
            0.0
        ],
        [
            0.00011962635960977768,
            1.0,
            0.10737370148934869,
            0.9811599999999989,
            0.0
        ],
        [
            0.00011346347807067916,
            1.0,
            0.10804446284418415,
            0.981219999999999,
            0.0
        ],
        [
            0.00010801739331699598,
            1.0,
            0.10861980231542008,
            0.981219999999999,
            0.0
        ],
        [
            0.00010268512617571577,
            1.0,
            0.10912522659975728,
            0.9810799999999993,
            0.0
        ],
        [
            9.825668760617605e-05,
            1.0,
            0.10952591897295161,
            0.981079999999999,
            0.0
        ],
        [
            9.425524752117097e-05,
            1.0,
            0.10973810547669775,
            0.9810999999999991,
            0.0
        ],
        [
            9.03160090312241e-05,
            1.0,
            0.11025733380324088,
            0.981099999999999,
            0.0
        ],
        [
            8.689365009030203e-05,
            1.0,
            0.1106395386332483,
            0.9810999999999991,
            0.0
        ],
        [
            8.385334492247807e-05,
            1.0,
            0.11106242348269432,
            0.9811999999999991,
            0.0
        ],
        [
            8.070744908241723e-05,
            1.0,
            0.11137271469225504,
            0.9810799999999992,
            0.0
        ],
        [
            7.801267884299641e-05,
            1.0,
            0.11174520003288155,
            0.9811199999999991,
            0.0
        ],
        [
            7.552271457089166e-05,
            1.0,
            0.11216841883619474,
            0.9811599999999988,
            0.0
        ],
        [
            7.309617562519652e-05,
            1.0,
            0.11240160341670187,
            0.981079999999999,
            0.0
        ],
        [
            7.086711840660593e-05,
            1.0,
            0.11277964118760878,
            0.9811599999999994,
            0.0
        ],
        [
            6.872164711764556e-05,
            1.0,
            0.11307465331985951,
            0.981079999999999,
            0.0
        ],
        [
            6.685744497034655e-05,
            1.0,
            0.11336847093468787,
            0.9811999999999991,
            0.0
        ],
        [
            6.504256738862933e-05,
            1.0,
            0.11368459349449025,
            0.981099999999999,
            0.0
        ],
        [
            6.321192675604588e-05,
            1.0,
            0.11393424850854839,
            0.981059999999999,
            0.0
        ],
        [
            6.153191596049138e-05,
            1.0,
            0.11418818465319529,
            0.9810999999999993,
            0.0
        ],
        [
            5.996991766071267e-05,
            1.0,
            0.1145574116913431,
            0.9811399999999992,
            0.0
        ],
        [
            5.8473200124717966e-05,
            1.0,
            0.11479765081847035,
            0.9810399999999989,
            0.0
        ],
        [
            5.706164070419441e-05,
            1.0,
            0.11501123581603398,
            0.981179999999999,
            0.0
        ],
        [
            5.573863558937817e-05,
            1.0,
            0.1152730989008179,
            0.981099999999999,
            0.0
        ],
        [
            5.440682542943143e-05,
            1.0,
            0.11560947378511033,
            0.981079999999999,
            0.0
        ],
        [
            5.324909205057373e-05,
            1.0,
            0.1157974009678148,
            0.9811799999999989,
            0.0
        ],
        [
            5.2087651742881775e-05,
            1.0,
            0.11604345362300968,
            0.9812599999999992,
            0.0
        ],
        [
            5.0942515389406704e-05,
            1.0,
            0.11624713769668116,
            0.9810599999999992,
            0.0
        ],
        [
            4.986948759126644e-05,
            1.0,
            0.11645690965822401,
            0.9811999999999991,
            0.0
        ],
        [
            4.882452888778346e-05,
            1.0,
            0.11664969787567836,
            0.9812399999999993,
            0.0
        ],
        [
            4.786774146888624e-05,
            1.0,
            0.1168954861217408,
            0.981179999999999,
            0.0
        ],
        [
            4.69205088367464e-05,
            1.0,
            0.11708205279584846,
            0.9811999999999991,
            0.0
        ],
        [
            4.601298434018342e-05,
            1.0,
            0.11734750756107608,
            0.9811599999999991,
            0.0
        ],
        [
            4.5187860121182766e-05,
            1.0,
            0.11760804497609774,
            0.981239999999999,
            0.0
        ],
        [
            4.4284855029826406e-05,
            1.0,
            0.1177588996453797,
            0.9812399999999991,
            0.0
        ],
        [
            4.3567611204822605e-05,
            1.0,
            0.11792781703535264,
            0.981279999999999,
            0.0
        ],
        [
            4.273005034008059e-05,
            1.0,
            0.11816826280909334,
            0.9812599999999987,
            0.0
        ],
        [
            4.198998568413662e-05,
            1.0,
            0.11830048820661018,
            0.9811999999999992,
            0.0
        ],
        [
            4.1288901118979824e-05,
            1.0,
            0.11856603100510717,
            0.981219999999999,
            0.0
        ],
        [
            4.0531917700421306e-05,
            1.0,
            0.11871386000450972,
            0.9811799999999993,
            0.0
        ],
        [
            3.993355602656967e-05,
            1.0,
            0.11891804043411484,
            0.9811799999999993,
            0.0
        ],
        [
            3.918721311377208e-05,
            1.0,
            0.11907116050238722,
            0.9812199999999992,
            0.0
        ],
        [
            3.8535397294125424e-05,
            1.0,
            0.11924219058824011,
            0.981219999999999,
            0.0
        ],
        [
            3.794154658519312e-05,
            1.0,
            0.11938920692803867,
            0.981239999999999,
            0.0
        ],
        [
            3.7357564697408946e-05,
            1.0,
            0.11964025831140397,
            0.9812199999999992,
            0.0
        ],
        [
            3.676669327370642e-05,
            1.0,
            0.11980716153923687,
            0.9811999999999991,
            0.0
        ],
        [
            3.620254286058976e-05,
            1.0,
            0.11990078727595169,
            0.9811999999999991,
            0.0
        ],
        [
            3.565544814555027e-05,
            1.0,
            0.12007329159173152,
            0.981179999999999,
            0.0
        ],
        [
            3.512557790698547e-05,
            1.0,
            0.12025378715829342,
            0.9811999999999989,
            0.0
        ],
        [
            3.462523517864757e-05,
            1.0,
            0.12042657810490787,
            0.981219999999999,
            0.0
        ],
        [
            3.4121927982147425e-05,
            1.0,
            0.1205499919071775,
            0.981219999999999,
            0.0
        ],
        [
            3.361730699067419e-05,
            1.0,
            0.12070739427144324,
            0.981219999999999,
            0.0
        ],
        [
            3.315163424983872e-05,
            1.0,
            0.12087676381699479,
            0.981219999999999,
            0.0
        ],
        [
            3.271725484560896e-05,
            1.0,
            0.12107087867070118,
            0.981219999999999,
            0.0
        ],
        [
            3.227471598753208e-05,
            1.0,
            0.12125937676158631,
            0.9811599999999991,
            0.0
        ],
        [
            3.18250500406796e-05,
            1.0,
            0.12135039882534202,
            0.9812599999999989,
            0.0
        ],
        [
            3.1398530367223324e-05,
            1.0,
            0.12144112297870309,
            0.981279999999999,
            0.0
        ],
        [
            3.098458477417085e-05,
            1.0,
            0.12159661569523125,
            0.9813399999999992,
            0.0
        ],
        [
            3.059705097980983e-05,
            1.0,
            0.12178663162503522,
            0.9812599999999991,
            0.0
        ],
        [
            3.019835269224979e-05,
            1.0,
            0.12189460404409407,
            0.9812399999999991,
            0.0
        ],
        [
            2.9816431133620213e-05,
            1.0,
            0.12207074766107354,
            0.981319999999999,
            0.0
        ],
        [
            2.9445676366789948e-05,
            1.0,
            0.12212118130011955,
            0.9812599999999991,
            0.0
        ],
        [
            2.907658827887475e-05,
            1.0,
            0.12226682726068336,
            0.9813199999999991,
            0.0
        ],
        [
            2.8715601897617907e-05,
            1.0,
            0.1224122521009178,
            0.9813399999999991,
            0.0
        ],
        [
            2.8387309810758514e-05,
            1.0,
            0.12253422532575313,
            0.9813199999999991,
            0.0
        ],
        [
            2.8047774742271277e-05,
            1.0,
            0.12268173434824096,
            0.9813399999999989,
            0.0
        ],
        [
            2.771453350423634e-05,
            1.0,
            0.12283939356120539,
            0.9813799999999988,
            0.0
        ],
        [
            2.739006923890326e-05,
            1.0,
            0.12298222594135015,
            0.9813399999999989,
            0.0
        ],
        [
            2.7079706813246508e-05,
            1.0,
            0.12311797054210069,
            0.9813799999999991,
            0.0
        ],
        [
            2.6764747527983327e-05,
            1.0,
            0.12324360665018379,
            0.9813199999999991,
            0.0
        ],
        [
            2.6467667839994866e-05,
            1.0,
            0.12332620910108483,
            0.9813199999999991,
            0.0
        ],
        [
            2.6173776572789142e-05,
            1.0,
            0.12347222233942319,
            0.9813199999999993,
            0.0
        ],
        [
            2.588588825183734e-05,
            1.0,
            0.12356877353920755,
            0.9813799999999991,
            0.0
        ],
        [
            2.5603965421513683e-05,
            1.0,
            0.12369282318132921,
            0.981379999999999,
            0.0
        ]
    ],
    [
        [
            2.4194511498758677,
            0.08140799999999995,
            2.412155841340865,
            0.08543999999999993,
            0.0
        ],
        [
            0.1433009402717509,
            0.9555200000000088,
            0.14734189112344062,
            0.9564199999999989,
            0.0
        ],
        [
            0.08863602456153183,
            0.9722720000000095,
            0.10798575662894791,
            0.9683199999999991,
            0.0
        ],
        [
            0.06888386086492833,
            0.9778600000000086,
            0.09976061178844403,
            0.9699199999999994,
            0.0
        ],
        [
            0.05517357039088118,
            0.9820680000000073,
            0.09438413641870769,
            0.9719799999999988,
            0.0
        ],
        [
            0.047957503854327545,
            0.9842800000000071,
            0.09565317146111779,
            0.972999999999999,
            0.0
        ],
        [
            0.03741355060013231,
            0.9880400000000057,
            0.090733109984331,
            0.9748799999999992,
            0.0
        ],
        [
            0.026272454533124334,
            0.9913400000000043,
            0.08608701891476789,
            0.9765199999999989,
            0.0
        ],
        [
            0.02962468247625021,
            0.9902000000000049,
            0.09359850653406954,
            0.9749799999999992,
            0.0
        ],
        [
            0.021747918274592902,
            0.9928320000000038,
            0.09126270863571748,
            0.9768199999999991,
            0.0
        ],
        [
            0.020797277086295966,
            0.9929120000000038,
            0.0967251577631288,
            0.9769199999999991,
            0.0
        ],
        [
            0.013536923028888431,
            0.9954640000000025,
            0.09574857425533698,
            0.9778199999999991,
            0.0
        ],
        [
            0.01477341249451613,
            0.9951920000000026,
            0.10073875557891401,
            0.977439999999999,
            0.0
        ],
        [
            0.0108100770463406,
            0.9964120000000023,
            0.10014804701168534,
            0.9783799999999989,
            0.0
        ],
        [
            0.01012422472435624,
            0.996704000000002,
            0.10547310138635373,
            0.9777399999999989,
            0.0
        ],
        [
            0.0053084912652995335,
            0.998420000000001,
            0.0977652162304947,
            0.9797599999999991,
            0.0
        ],
        [
            0.005067252073674492,
            0.998444000000001,
            0.10277813866248339,
            0.9800399999999991,
            0.0
        ],
        [
            0.003312092941866694,
            0.9991040000000005,
            0.1029017542857061,
            0.979539999999999,
            0.0
        ],
        [
            0.0019398210692676975,
            0.9995440000000002,
            0.10215731041088269,
            0.9806799999999992,
            0.0
        ],
        [
            0.0010150193967280443,
            0.9998320000000002,
            0.10006098867633184,
            0.9814599999999993,
            0.0
        ],
        [
            0.0005597749378393906,
            0.9999560000000001,
            0.09985724147489056,
            0.982039999999999,
            0.0
        ],
        [
            0.000337298643783192,
            1.0,
            0.10102781904581545,
            0.9818599999999991,
            0.0
        ],
        [
            0.0002941675113234799,
            0.999992,
            0.10189589061233142,
            0.9818599999999991,
            0.0
        ],
        [
            0.0002705381592833592,
            0.9999880000000001,
            0.10269935287537509,
            0.981999999999999,
            0.0
        ],
        [
            0.00023578303975166394,
            0.999996,
            0.1036223345292561,
            0.9817599999999992,
            0.0
        ],
        [
            0.00024170225317059912,
            0.9999880000000001,
            0.10426612070065325,
            0.9819599999999991,
            0.0
        ],
        [
            0.00020224356385749667,
            1.0,
            0.1048416383998941,
            0.9819399999999987,
            0.0
        ],
        [
            0.00018579196212364278,
            1.0,
            0.10546696459279208,
            0.981919999999999,
            0.0
        ],
        [
            0.00017432099397239162,
            1.0,
            0.10611263247380118,
            0.9819999999999993,
            0.0
        ],
        [
            0.0001656442106892607,
            1.0,
            0.10670817438646377,
            0.9819399999999991,
            0.0
        ],
        [
            0.00015764987356683952,
            1.0,
            0.10741603476048929,
            0.9819799999999989,
            0.0
        ],
        [
            0.00015042460910514658,
            1.0,
            0.10794453642798012,
            0.9818399999999992,
            0.0
        ],
        [
            0.0001443734015380702,
            1.0,
            0.10825889621128718,
            0.9819599999999991,
            0.0
        ],
        [
            0.00013742647758809414,
            1.0,
            0.1087066941562916,
            0.9819399999999995,
            0.0
        ],
        [
            0.00013234123189098684,
            1.0,
            0.10915844104303007,
            0.9819999999999991,
            0.0
        ],
        [
            0.000127634417617458,
            1.0,
            0.10960800381256926,
            0.9820199999999988,
            0.0
        ],
        [
            0.00012338332227997232,
            1.0,
            0.11004628384763623,
            0.9818799999999991,
            0.0
        ],
        [
            0.00011869297172471252,
            1.0,
            0.1103812978908946,
            0.9819599999999991,
            0.0
        ],
        [
            0.0001145156502357065,
            1.0,
            0.11086298662780777,
            0.981979999999999,
            0.0
        ],
        [
            0.00011081086479167641,
            1.0,
            0.11112320119380478,
            0.982039999999999,
            0.0
        ],
        [
            0.00010727767124662942,
            1.0,
            0.11149204370747985,
            0.9820399999999987,
            0.0
        ],
        [
            0.00010422126019932223,
            1.0,
            0.11185880483222424,
            0.9820199999999992,
            0.0
        ],
        [
            0.00010121610542038653,
            1.0,
            0.11222607763199162,
            0.982079999999999,
            0.0
        ],
        [
            9.850354604369167e-05,
            1.0,
            0.11257251410513303,
            0.9819199999999991,
            0.0
        ],
        [
            9.557541371564183e-05,
            1.0,
            0.1128837224277722,
            0.9820799999999992,
            0.0
        ],
        [
            9.287634214577507e-05,
            1.0,
            0.11321361169371409,
            0.981979999999999,
            0.0
        ],
        [
            9.05300050280628e-05,
            1.0,
            0.11355732076694372,
            0.9819599999999988,
            0.0
        ],
        [
            8.832135348757963e-05,
            1.0,
            0.11391066635695382,
            0.9819999999999993,
            0.0
        ],
        [
            8.607067170298412e-05,
            1.0,
            0.11406891418242988,
            0.981999999999999,
            0.0
        ],
        [
            8.378263437033113e-05,
            1.0,
            0.11438255954833956,
            0.9819199999999993,
            0.0
        ],
        [
            8.172630322685536e-05,
            1.0,
            0.11476804273229142,
            0.9818599999999987,
            0.0
        ],
        [
            7.987128463073065e-05,
            1.0,
            0.11501835063260765,
            0.981979999999999,
            0.0
        ],
        [
            7.815104133908102e-05,
            1.0,
            0.11517941905616846,
            0.982039999999999,
            0.0
        ],
        [
            7.649876257956418e-05,
            1.0,
            0.11554509835073663,
            0.9819399999999991,
            0.0
        ],
        [
            7.482961092463198e-05,
            1.0,
            0.11574981998015639,
            0.981999999999999,
            0.0
        ],
        [
            7.312152344483131e-05,
            1.0,
            0.11601556806199494,
            0.9819599999999991,
            0.0
        ],
        [
            7.1604209079959e-05,
            1.0,
            0.116237770949013,
            0.9819599999999988,
            0.0
        ],
        [
            7.026371986403093e-05,
            1.0,
            0.11644806399615155,
            0.981919999999999,
            0.0
        ],
        [
            6.874090077226369e-05,
            1.0,
            0.11674196573645249,
            0.9819399999999989,
            0.0
        ],
        [
            6.740040087034321e-05,
            1.0,
            0.11697766838670091,
            0.9819199999999991,
            0.0
        ],
        [
            6.635293965924393e-05,
            1.0,
            0.11729243571565548,
            0.9819399999999989,
            0.0
        ],
        [
            6.478933045650484e-05,
            1.0,
            0.11742654179052989,
            0.9819599999999988,
            0.0
        ],
        [
            6.364597075697676e-05,
            1.0,
            0.11761164164717415,
            0.9819399999999989,
            0.0
        ],
        [
            6.250870436214857e-05,
            1.0,
            0.11797687035229516,
            0.9818399999999989,
            0.0
        ],
        [
            6.158734517057548e-05,
            1.0,
            0.11810262601020975,
            0.9819599999999988,
            0.0
        ],
        [
            6.021484763173177e-05,
            1.0,
            0.11830654509060416,
            0.9819599999999991,
            0.0
        ],
        [
            5.9226494719609346e-05,
            1.0,
            0.11855906297319038,
            0.9817999999999989,
            0.0
        ],
        [
            5.831445196697227e-05,
            1.0,
            0.11871917884645156,
            0.9820199999999991,
            0.0
        ],
        [
            5.721014787657627e-05,
            1.0,
            0.11893745331503511,
            0.9818999999999992,
            0.0
        ],
        [
            5.619944639713132e-05,
            1.0,
            0.11911803193522455,
            0.9819399999999991,
            0.0
        ],
        [
            5.5357158021377036e-05,
            1.0,
            0.1193373511401042,
            0.9818399999999992,
            0.0
        ],
        [
            5.4434092479736794e-05,
            1.0,
            0.11954859952041445,
            0.9818999999999992,
            0.0
        ],
        [
            5.368408594802673e-05,
            1.0,
            0.11968207468096867,
            0.9818199999999988,
            0.0
        ],
        [
            5.276360476750184e-05,
            1.0,
            0.11987403947301681,
            0.9819599999999991,
            0.0
        ],
        [
            5.194479059186536e-05,
            1.0,
            0.12006713024900972,
            0.9819399999999991,
            0.0
        ],
        [
            5.1184163665968686e-05,
            1.0,
            0.1202277271239938,
            0.9818799999999991,
            0.0
        ],
        [
            5.041173235450828e-05,
            1.0,
            0.12041843357236617,
            0.9818799999999992,
            0.0
        ],
        [
            4.96422394284933e-05,
            1.0,
            0.12068263250427932,
            0.9819399999999989,
            0.0
        ],
        [
            4.8884630090860037e-05,
            1.0,
            0.1207989028641507,
            0.981999999999999,
            0.0
        ],
        [
            4.8215513652893885e-05,
            1.0,
            0.12099601283990842,
            0.981919999999999,
            0.0
        ],
        [
            4.751794749049725e-05,
            1.0,
            0.12120458342790427,
            0.9818799999999989,
            0.0
        ],
        [
            4.6838100517535364e-05,
            1.0,
            0.12134949594867325,
            0.9819199999999988,
            0.0
        ],
        [
            4.62269121737425e-05,
            1.0,
            0.12153695411091392,
            0.9819399999999993,
            0.0
        ],
        [
            4.5556591607912774e-05,
            1.0,
            0.12161282235966031,
            0.9819799999999995,
            0.0
        ],
        [
            4.4920773864122614e-05,
            1.0,
            0.12179133436110381,
            0.9820199999999991,
            0.0
        ],
        [
            4.437196264330573e-05,
            1.0,
            0.12200119695810514,
            0.9818799999999989,
            0.0
        ],
        [
            4.3791310579468036e-05,
            1.0,
            0.12216298220812283,
            0.9818799999999991,
            0.0
        ],
        [
            4.323825067115891e-05,
            1.0,
            0.12231379285788202,
            0.9819199999999988,
            0.0
        ],
        [
            4.26626958714613e-05,
            1.0,
            0.12245533030591774,
            0.9818799999999989,
            0.0
        ],
        [
            4.211010088969631e-05,
            1.0,
            0.12259355457008207,
            0.9819599999999991,
            0.0
        ],
        [
            4.158315576833358e-05,
            1.0,
            0.12275317041349935,
            0.981999999999999,
            0.0
        ],
        [
            4.10822315805531e-05,
            1.0,
            0.12291160675826399,
            0.9818999999999992,
            0.0
        ],
        [
            4.0543890566768545e-05,
            1.0,
            0.12301893575596105,
            0.9818999999999989,
            0.0
        ],
        [
            4.007653994849192e-05,
            1.0,
            0.12322014736039699,
            0.9819199999999991,
            0.0
        ],
        [
            3.958460329446955e-05,
            1.0,
            0.1233493812381985,
            0.981919999999999,
            0.0
        ],
        [
            3.912570123204983e-05,
            1.0,
            0.12351424636443568,
            0.9819599999999991,
            0.0
        ],
        [
            3.86473349552022e-05,
            1.0,
            0.12366247543737532,
            0.9818999999999992,
            0.0
        ],
        [
            3.818799184498934e-05,
            1.0,
            0.12375693006170307,
            0.9819599999999991,
            0.0
        ],
        [
            3.7799025868350534e-05,
            1.0,
            0.1239374185604343,
            0.981999999999999,
            0.0
        ],
        [
            3.7360513019764875e-05,
            1.0,
            0.12407194430622717,
            0.9819599999999991,
            0.0
        ],
        [
            3.6930540589245704e-05,
            1.0,
            0.12416809416981289,
            0.9820199999999991,
            0.0
        ]
    ],
    [
        [
            2.608133070068458,
            0.08909199999999999,
            2.5993692860511715,
            0.0921199999999999,
            0.0
        ],
        [
            NaN,
            0.09864,
            NaN,
            0.09909999999999992,
            0.0
        ],
        [
            NaN,
            0.09863999999999999,
            NaN,
            0.09909999999999992,
            0.0
        ],
        [
            NaN,
            0.0986399999999999,
            NaN,
            0.09909999999999988,
            0.0
        ],
        [
            NaN,
            0.09863999999999991,
            NaN,
            0.0990999999999999,
            0.0
        ],
        [
            NaN,
            0.09863999999999995,
            NaN,
            0.09909999999999991,
            0.0
        ],
        [
            NaN,
            0.09863999999999996,
            NaN,
            0.09909999999999994,
            0.0
        ],
        [
            NaN,
            0.09863999999999988,
            NaN,
            0.09909999999999991,
            0.0
        ],
        [
            NaN,
            0.09864000000000003,
            NaN,
            0.09909999999999992,
            0.0
        ],
        [
            NaN,
            0.09863999999999998,
            NaN,
            0.09909999999999992,
            0.0
        ],
        [
            NaN,
            0.09863999999999995,
            NaN,
            0.09909999999999992,
            0.0
        ],
        [
            NaN,
            0.0986399999999999,
            NaN,
            0.09909999999999988,
            0.0
        ],
        [
            NaN,
            0.09863999999999994,
            NaN,
            0.0990999999999999,
            0.0
        ],
        [
            NaN,
            0.09863999999999992,
            NaN,
            0.0990999999999999,
            0.0
        ],
        [
            NaN,
            0.09863999999999992,
            NaN,
            0.09909999999999992,
            0.0
        ],
        [
            NaN,
            0.09863999999999988,
            NaN,
            0.09909999999999991,
            0.0
        ],
        [
            NaN,
            0.09863999999999992,
            NaN,
            0.09909999999999992,
            0.0
        ],
        [
            NaN,
            0.09863999999999992,
            NaN,
            0.09909999999999988,
            0.0
        ],
        [
            NaN,
            0.09863999999999994,
            NaN,
            0.0990999999999999,
            0.0
        ],
        [
            NaN,
            0.09864000000000002,
            NaN,
            0.09909999999999988,
            0.0
        ],
        [
            NaN,
            0.09863999999999996,
            NaN,
            0.09909999999999991,
            0.0
        ],
        [
            NaN,
            0.09863999999999995,
            NaN,
            0.0990999999999999,
            0.0
        ],
        [
            NaN,
            0.09863999999999995,
            NaN,
            0.09909999999999992,
            0.0
        ],
        [
            NaN,
            0.09863999999999992,
            NaN,
            0.09909999999999988,
            0.0
        ],
        [
            NaN,
            0.09863999999999996,
            NaN,
            0.09909999999999991,
            0.0
        ],
        [
            NaN,
            0.09863999999999987,
            NaN,
            0.0990999999999999,
            0.0
        ],
        [
            NaN,
            0.09863999999999991,
            NaN,
            0.09909999999999991,
            0.0
        ],
        [
            NaN,
            0.09863999999999996,
            NaN,
            0.09909999999999994,
            0.0
        ],
        [
            NaN,
            0.09863999999999985,
            NaN,
            0.09909999999999991,
            0.0
        ],
        [
            NaN,
            0.09863999999999991,
            NaN,
            0.09909999999999991,
            0.0
        ],
        [
            NaN,
            0.09863999999999992,
            NaN,
            0.09909999999999992,
            0.0
        ],
        [
            NaN,
            0.09863999999999995,
            NaN,
            0.09909999999999988,
            0.0
        ],
        [
            NaN,
            0.09864,
            NaN,
            0.09909999999999994,
            0.0
        ],
        [
            NaN,
            0.09863999999999988,
            NaN,
            0.09909999999999992,
            0.0
        ],
        [
            NaN,
            0.09863999999999995,
            NaN,
            0.09909999999999994,
            0.0
        ],
        [
            NaN,
            0.09863999999999988,
            NaN,
            0.09909999999999988,
            0.0
        ],
        [
            NaN,
            0.09863999999999999,
            NaN,
            0.09909999999999988,
            0.0
        ],
        [
            NaN,
            0.0986399999999999,
            NaN,
            0.09909999999999991,
            0.0
        ],
        [
            NaN,
            0.09863999999999994,
            NaN,
            0.09909999999999992,
            0.0
        ],
        [
            NaN,
            0.09863999999999995,
            NaN,
            0.09909999999999991,
            0.0
        ],
        [
            NaN,
            0.09863999999999994,
            NaN,
            0.09909999999999991,
            0.0
        ],
        [
            NaN,
            0.09863999999999992,
            NaN,
            0.09909999999999994,
            0.0
        ],
        [
            NaN,
            0.09863999999999998,
            NaN,
            0.0990999999999999,
            0.0
        ],
        [
            NaN,
            0.09863999999999995,
            NaN,
            0.09909999999999991,
            0.0
        ],
        [
            NaN,
            0.09863999999999991,
            NaN,
            0.09909999999999992,
            0.0
        ],
        [
            NaN,
            0.09863999999999998,
            NaN,
            0.09909999999999994,
            0.0
        ],
        [
            NaN,
            0.09863999999999995,
            NaN,
            0.09909999999999991,
            0.0
        ],
        [
            NaN,
            0.09863999999999994,
            NaN,
            0.09909999999999994,
            0.0
        ],
        [
            NaN,
            0.09863999999999995,
            NaN,
            0.0990999999999999,
            0.0
        ],
        [
            NaN,
            0.09863999999999992,
            NaN,
            0.0990999999999999,
            0.0
        ],
        [
            NaN,
            0.09863999999999991,
            NaN,
            0.0990999999999999,
            0.0
        ],
        [
            NaN,
            0.09864000000000002,
            NaN,
            0.0990999999999999,
            0.0
        ],
        [
            NaN,
            0.09864000000000005,
            NaN,
            0.0990999999999999,
            0.0
        ],
        [
            NaN,
            0.09863999999999999,
            NaN,
            0.09909999999999992,
            0.0
        ],
        [
            NaN,
            0.09863999999999995,
            NaN,
            0.0990999999999999,
            0.0
        ],
        [
            NaN,
            0.09863999999999998,
            NaN,
            0.0990999999999999,
            0.0
        ],
        [
            NaN,
            0.09863999999999992,
            NaN,
            0.09909999999999992,
            0.0
        ],
        [
            NaN,
            0.09863999999999995,
            NaN,
            0.09909999999999988,
            0.0
        ],
        [
            NaN,
            0.0986399999999999,
            NaN,
            0.09909999999999988,
            0.0
        ],
        [
            NaN,
            0.09863999999999995,
            NaN,
            0.09909999999999997,
            0.0
        ],
        [
            NaN,
            0.09863999999999995,
            NaN,
            0.09909999999999992,
            0.0
        ],
        [
            NaN,
            0.09863999999999998,
            NaN,
            0.09909999999999992,
            0.0
        ],
        [
            NaN,
            0.09863999999999987,
            NaN,
            0.0990999999999999,
            0.0
        ],
        [
            NaN,
            0.09863999999999991,
            NaN,
            0.09909999999999992,
            0.0
        ],
        [
            NaN,
            0.09863999999999998,
            NaN,
            0.09909999999999992,
            0.0
        ],
        [
            NaN,
            0.09863999999999992,
            NaN,
            0.09909999999999991,
            0.0
        ],
        [
            NaN,
            0.09863999999999995,
            NaN,
            0.09909999999999992,
            0.0
        ],
        [
            NaN,
            0.09863999999999995,
            NaN,
            0.09909999999999991,
            0.0
        ],
        [
            NaN,
            0.09863999999999995,
            NaN,
            0.0990999999999999,
            0.0
        ],
        [
            NaN,
            0.09863999999999992,
            NaN,
            0.0990999999999999,
            0.0
        ],
        [
            NaN,
            0.09863999999999995,
            NaN,
            0.09909999999999991,
            0.0
        ],
        [
            NaN,
            0.09863999999999996,
            NaN,
            0.09909999999999988,
            0.0
        ],
        [
            NaN,
            0.09863999999999998,
            NaN,
            0.09909999999999991,
            0.0
        ],
        [
            NaN,
            0.09863999999999992,
            NaN,
            0.09909999999999994,
            0.0
        ],
        [
            NaN,
            0.09863999999999984,
            NaN,
            0.09909999999999994,
            0.0
        ],
        [
            NaN,
            0.09863999999999994,
            NaN,
            0.09909999999999988,
            0.0
        ],
        [
            NaN,
            0.09863999999999995,
            NaN,
            0.09909999999999994,
            0.0
        ],
        [
            NaN,
            0.09863999999999992,
            NaN,
            0.09909999999999991,
            0.0
        ],
        [
            NaN,
            0.09863999999999995,
            NaN,
            0.09909999999999988,
            0.0
        ],
        [
            NaN,
            0.09863999999999985,
            NaN,
            0.0990999999999999,
            0.0
        ],
        [
            NaN,
            0.09863999999999995,
            NaN,
            0.09909999999999992,
            0.0
        ],
        [
            NaN,
            0.09863999999999992,
            NaN,
            0.09909999999999991,
            0.0
        ],
        [
            NaN,
            0.09863999999999992,
            NaN,
            0.0990999999999999,
            0.0
        ],
        [
            NaN,
            0.09863999999999999,
            NaN,
            0.0990999999999999,
            0.0
        ],
        [
            NaN,
            0.09863999999999998,
            NaN,
            0.09909999999999991,
            0.0
        ],
        [
            NaN,
            0.09863999999999992,
            NaN,
            0.0990999999999999,
            0.0
        ],
        [
            NaN,
            0.09863999999999998,
            NaN,
            0.0990999999999999,
            0.0
        ],
        [
            NaN,
            0.09863999999999998,
            NaN,
            0.09909999999999988,
            0.0
        ],
        [
            NaN,
            0.09863999999999999,
            NaN,
            0.09909999999999992,
            0.0
        ],
        [
            NaN,
            0.09863999999999998,
            NaN,
            0.09909999999999991,
            0.0
        ],
        [
            NaN,
            0.09863999999999987,
            NaN,
            0.09909999999999992,
            0.0
        ],
        [
            NaN,
            0.09863999999999988,
            NaN,
            0.09909999999999992,
            0.0
        ],
        [
            NaN,
            0.09863999999999996,
            NaN,
            0.09909999999999991,
            0.0
        ],
        [
            NaN,
            0.09863999999999992,
            NaN,
            0.09909999999999988,
            0.0
        ],
        [
            NaN,
            0.09863999999999995,
            NaN,
            0.09909999999999994,
            0.0
        ],
        [
            NaN,
            0.09863999999999999,
            NaN,
            0.09909999999999988,
            0.0
        ],
        [
            NaN,
            0.09863999999999998,
            NaN,
            0.09909999999999994,
            0.0
        ],
        [
            NaN,
            0.09863999999999992,
            NaN,
            0.09909999999999988,
            0.0
        ],
        [
            NaN,
            0.09863999999999992,
            NaN,
            0.09909999999999991,
            0.0
        ],
        [
            NaN,
            0.09863999999999992,
            NaN,
            0.0990999999999999,
            0.0
        ],
        [
            NaN,
            0.09864,
            NaN,
            0.09909999999999994,
            0.0
        ]
    ]
]