[
    [
        [
            2.5611325675641017,
            0.09690800000000005,
            2.554237640394705,
            0.0977399999999999,
            0.0
        ],
        [
            0.3825624682266304,
            0.8905800000000001,
            0.3542748102693089,
            0.8983000000000001,
            0.0
        ],
        [
            0.2942706702304271,
            0.9136880000000008,
            0.27432556144480025,
            0.9193199999999994,
            0.0
        ],
        [
            0.2467436988624752,
            0.9277360000000039,
            0.23222179800570886,
            0.9330199999999994,
            0.0
        ],
        [
            0.20591257940819468,
            0.9398800000000055,
            0.19778789881667064,
            0.9436399999999988,
            0.0
        ],
        [
            0.17928586433293944,
            0.9473480000000063,
            0.17563758934879153,
            0.9500799999999991,
            0.0
        ],
        [
            0.15624860709557284,
            0.9542560000000083,
            0.15672811691560457,
            0.955999999999999,
            0.0
        ],
        [
            0.13707960605793815,
            0.959992000000009,
            0.14162170236920885,
            0.9609599999999989,
            0.0
        ],
        [
            0.12270999457214252,
            0.9643080000000094,
            0.1317425388302758,
            0.9625999999999989,
            0.0
        ],
        [
            0.11430806485086378,
            0.9665920000000096,
            0.12625734227348004,
            0.964159999999999,
            0.0
        ],
        [
            0.09958546420445964,
            0.9712160000000092,
            0.11656232396790726,
            0.9669599999999994,
            0.0
        ],
        [
            0.09185600861183019,
            0.9736080000000096,
            0.11072352052280984,
            0.9682999999999989,
            0.0
        ],
        [
            0.08436797399489057,
            0.9757680000000086,
            0.10642828415297481,
            0.9693999999999988,
            0.0
        ],
        [
            0.07647210131737137,
            0.9783760000000086,
            0.10110425655097574,
            0.970399999999999,
            0.0
        ],
        [
            0.0709501237888777,
            0.9800400000000081,
            0.09927233665907882,
            0.9710799999999994,
            0.0
        ],
        [
            0.06406093159971268,
            0.9820520000000078,
            0.09471080077070818,
            0.972299999999999,
            0.0
        ],
        [
            0.060427204027746664,
            0.9830480000000075,
            0.09388045782475474,
            0.9728399999999991,
            0.0
        ],
        [
            0.05679391657609847,
            0.984192000000007,
            0.091879593023852,
            0.972779999999999,
            0.0
        ],
        [
            0.05293975126980614,
            0.9851560000000067,
            0.09087657631056484,
            0.9729999999999992,
            0.0
        ],
        [
            0.049972491512066106,
            0.9863040000000062,
            0.0892933049955292,
            0.9731199999999991,
            0.0
        ],
        [
            0.046598763994648185,
            0.987324000000006,
            0.08841959390059581,
            0.9731599999999991,
            0.0
        ],
        [
            0.04177228680072025,
            0.9889120000000056,
            0.08577632157012798,
            0.9745599999999989,
            0.0
        ],
        [
            0.0385817394658984,
            0.990020000000005,
            0.0840179114529944,
            0.9745799999999989,
            0.0
        ],
        [
            0.035801078622358776,
            0.9907920000000047,
            0.0850586517841683,
            0.975039999999999,
            0.0
        ],
        [
            0.03214470357071992,
            0.9920600000000042,
            0.08236124981575157,
            0.975879999999999,
            0.0
        ],
        [
            0.03105235531842363,
            0.9924000000000038,
            0.08268410359784513,
            0.9753599999999991,
            0.0
        ],
        [
            0.02840068581829005,
            0.9933520000000037,
            0.0821861937172053,
            0.9762599999999988,
            0.0
        ],
        [
            0.026784172091778264,
            0.9938320000000033,
            0.08220569275965714,
            0.9753999999999989,
            0.0
        ],
        [
            0.024608081865153564,
            0.9946520000000028,
            0.0805735097141042,
            0.976119999999999,
            0.0
        ],
        [
            0.02262663002617727,
            0.9953560000000026,
            0.08101510016043041,
            0.9762999999999993,
            0.0
        ],
        [
            0.02164859630666453,
            0.9955720000000025,
            0.08145563106190892,
            0.9764199999999988,
            0.0
        ],
        [
            0.01943451772675421,
            0.9963480000000022,
            0.0811429207741935,
            0.9765999999999991,
            0.0
        ],
        [
            0.01880373538449221,
            0.996508000000002,
            0.08078692551202724,
            0.9763999999999988,
            0.0
        ],
        [
            0.01670150829696005,
            0.9973080000000015,
            0.08027011159723453,
            0.9769199999999991,
            0.0
        ],
        [
            0.01587459149892988,
            0.9974560000000015,
            0.0810704160358626,
            0.9766399999999988,
            0.0
        ],
        [
            0.014562769203810121,
            0.9978840000000012,
            0.08097349183591833,
            0.9767399999999988,
            0.0
        ],
        [
            0.014235453731301376,
            0.997984000000001,
            0.08161101612149355,
            0.9763599999999988,
            0.0
        ],
        [
            0.012999964331959829,
            0.9981640000000013,
            0.08176148750572995,
            0.9770599999999989,
            0.0
        ],
        [
            0.011986906454232872,
            0.9985960000000007,
            0.08096155159957573,
            0.9771199999999991,
            0.0
        ],
        [
            0.010946707579456913,
            0.9988240000000006,
            0.0803364543829794,
            0.9775399999999991,
            0.0
        ],
        [
            0.010261607685663613,
            0.9990520000000005,
            0.08158682856773744,
            0.9771999999999987,
            0.0
        ],
        [
            0.009846672636097892,
            0.9990840000000005,
            0.08182314116349755,
            0.9773599999999991,
            0.0
        ],
        [
            0.009167749174743214,
            0.9992160000000005,
            0.08147765395653583,
            0.9772199999999991,
            0.0
        ],
        [
            0.008475250567991307,
            0.9993400000000005,
            0.08133710902387341,
            0.977299999999999,
            0.0
        ],
        [
            0.008154314189088943,
            0.9994440000000002,
            0.08285109096829948,
            0.9770799999999991,
            0.0
        ],
        [
            0.0077920440101927795,
            0.9994440000000004,
            0.08314790514128625,
            0.9776599999999991,
            0.0
        ],
        [
            0.007259455708433907,
            0.9995640000000001,
            0.08307494269853004,
            0.9773599999999988,
            0.0
        ],
        [
            0.006787108516383801,
            0.9996040000000003,
            0.08368186997741325,
            0.9774599999999992,
            0.0
        ],
        [
            0.0064167019482774,
            0.9997080000000004,
            0.08259696459899599,
            0.9778399999999989,
            0.0
        ],
        [
            0.006065718903931564,
            0.999716,
            0.08358214474488518,
            0.9775999999999989,
            0.0
        ],
        [
            0.005801974690626556,
            0.9997600000000002,
            0.08426755013766088,
            0.9774599999999989,
            0.0
        ],
        [
            0.00550786111840573,
            0.9998040000000001,
            0.0841506609365111,
            0.9775999999999989,
            0.0
        ],
        [
            0.0052446361022997975,
            0.999812,
            0.08410224215621608,
            0.978159999999999,
            0.0
        ],
        [
            0.005012350091092796,
            0.9998760000000001,
            0.0842557982140639,
            0.9778199999999991,
            0.0
        ],
        [
            0.0048074593649049795,
            0.9998640000000002,
            0.08479487021983256,
            0.9775399999999987,
            0.0
        ],
        [
            0.004548153112398715,
            0.999896,
            0.08461445931712556,
            0.9775399999999991,
            0.0
        ],
        [
            0.004563500881424286,
            0.9998440000000001,
            0.08521868936233468,
            0.9776799999999991,
            0.0
        ],
        [
            0.004191511010286152,
            0.9999120000000001,
            0.08544072018978215,
            0.9779399999999988,
            0.0
        ],
        [
            0.004014599754477812,
            0.999932,
            0.08549248449767259,
            0.9778599999999991,
            0.0
        ],
        [
            0.00384092834334617,
            0.9999360000000002,
            0.08596968022494694,
            0.9777599999999989,
            0.0
        ],
        [
            0.003691066915407966,
            0.999928,
            0.08634852259868299,
            0.9777799999999989,
            0.0
        ],
        [
            0.003575005952966874,
            0.9999559999999998,
            0.08676241154404842,
            0.9775599999999993,
            0.0
        ],
        [
            0.003488509443472113,
            0.9999560000000001,
            0.08673647931969981,
            0.978119999999999,
            0.0
        ],
        [
            0.0032866125401846136,
            0.9999600000000001,
            0.08705455812551592,
            0.9779599999999988,
            0.0
        ],
        [
            0.0032106592955990034,
            0.9999800000000001,
            0.08727888837848156,
            0.9779599999999989,
            0.0
        ],
        [
            0.003159682057903142,
            0.9999520000000001,
            0.08803949898108007,
            0.9778399999999989,
            0.0
        ],
        [
            0.0029968768420409304,
            0.999968,
            0.08812611439825614,
            0.977939999999999,
            0.0
        ],
        [
            0.002914426495660162,
            0.999976,
            0.08823924125215094,
            0.9780599999999989,
            0.0
        ],
        [
            0.002804711446607323,
            0.9999879999999999,
            0.08806069858061596,
            0.978319999999999,
            0.0
        ],
        [
            0.0026761209307717606,
            0.9999840000000001,
            0.0883875907392091,
            0.9781599999999988,
            0.0
        ],
        [
            0.0026237534998737578,
            0.9999840000000001,
            0.08853145338801574,
            0.9781399999999989,
            0.0
        ],
        [
            0.0025458752787754606,
            1.0,
            0.08912002329265688,
            0.978119999999999,
            0.0
        ],
        [
            0.002460707057165599,
            0.999992,
            0.08908359393194529,
            0.9781799999999989,
            0.0
        ],
        [
            0.0023896225071704043,
            0.999996,
            0.08947831471928964,
            0.978319999999999,
            0.0
        ],
        [
            0.002326507486973618,
            0.999996,
            0.08937711100025199,
            0.9781599999999993,
            0.0
        ],
        [
            0.00228462966364358,
            0.999996,
            0.08948523415359746,
            0.9784599999999994,
            0.0
        ],
        [
            0.002181729210244522,
            0.999996,
            0.08995629057374346,
            0.978259999999999,
            0.0
        ],
        [
            0.002173096776001772,
            1.0,
            0.08990689338447536,
            0.9778999999999989,
            0.0
        ],
        [
            0.002111925728030592,
            1.0,
            0.09011292767960086,
            0.9782599999999991,
            0.0
        ],
        [
            0.0020409899130015307,
            1.0,
            0.09032903361436422,
            0.978379999999999,
            0.0
        ],
        [
            0.0020049098557291907,
            1.0,
            0.09037744347239729,
            0.9781999999999986,
            0.0
        ],
        [
            0.0019799612917389743,
            1.0,
            0.09105321083765991,
            0.9781399999999989,
            0.0
        ],
        [
            0.0019118224025505795,
            1.0,
            0.09094048394431546,
            0.9781799999999989,
            0.0
        ],
        [
            0.001841864427011082,
            1.0,
            0.0908755729327602,
            0.9783399999999991,
            0.0
        ],
        [
            0.0018219596723491876,
            1.0,
            0.09092296090066584,
            0.9785399999999991,
            0.0
        ],
        [
            0.0017847010268554713,
            1.0,
            0.0915856073638726,
            0.9783599999999989,
            0.0
        ],
        [
            0.0017314775120606646,
            1.0,
            0.09187515131636446,
            0.978239999999999,
            0.0
        ],
        [
            0.0017218921897026091,
            1.0,
            0.09187085261416299,
            0.9783999999999988,
            0.0
        ],
        [
            0.001667294096756459,
            1.0,
            0.09164404120116511,
            0.978199999999999,
            0.0
        ],
        [
            0.0016277577303057788,
            1.0,
            0.09186266060437268,
            0.9783599999999989,
            0.0
        ],
        [
            0.0016141028343287286,
            1.0,
            0.09212762694711245,
            0.978239999999999,
            0.0
        ],
        [
            0.0015579764799193078,
            1.0,
            0.09230667987105731,
            0.978519999999999,
            0.0
        ],
        [
            0.0015331343324499402,
            1.0,
            0.09245200893249779,
            0.9785399999999991,
            0.0
        ],
        [
            0.0015180888095564164,
            1.0,
            0.09274183257193276,
            0.978379999999999,
            0.0
        ],
        [
            0.0014744407997993735,
            1.0,
            0.09266035923883056,
            0.9783399999999991,
            0.0
        ],
        [
            0.0014420232700175857,
            1.0,
            0.09300151179276168,
            0.9785999999999992,
            0.0
        ],
        [
            0.0014164285040130116,
            1.0,
            0.09312291259844517,
            0.9782999999999987,
            0.0
        ],
        [
            0.0013910238405618158,
            1.0,
            0.09314078722129329,
            0.9785199999999987,
            0.0
        ],
        [
            0.0013664147148368787,
            1.0,
            0.09349127175225137,
            0.978459999999999,
            0.0
        ],
        [
            0.0013406308301791212,
            1.0,
            0.09383838386999702,
            0.9785799999999989,
            0.0
        ],
        [
            0.0013322991511884063,
            1.0,
            0.09410449336996007,
            0.9786399999999986,
            0.0
        ]
    ],
    [
        [
            2.3556259645237274,
            0.09181999999999996,
            2.350957655190171,
            0.0947799999999999,
            0.0
        ],
        [
            0.13985872613098024,
            0.9571840000000092,
            0.14425171164466516,
            0.958119999999999,
            0.0
        ],
        [
            0.08779408838006666,
            0.9729320000000096,
            0.10891126083438822,
            0.9681599999999989,
            0.0
        ],
        [
            0.06625765848381585,
            0.9800040000000081,
            0.09647327394757013,
            0.9713999999999992,
            0.0
        ],
        [
            0.05428275962162725,
            0.9825280000000074,
            0.09594938792952849,
            0.970779999999999,
            0.0
        ],
        [
            0.042859069526704686,
            0.9866720000000063,
            0.09123354421269537,
            0.9737799999999993,
            0.0
        ],
        [
            0.03385360429546341,
            0.9894120000000053,
            0.09178764465544734,
            0.9744599999999991,
            0.0
        ],
        [
            0.025116475101257113,
            0.9924040000000041,
            0.08853278959037532,
            0.9755599999999991,
            0.0
        ],
        [
            0.022480039621331778,
            0.9931520000000036,
            0.08807715309293149,
            0.975439999999999,
            0.0
        ],
        [
            0.01653000178310302,
            0.9950720000000027,
            0.08549327778082086,
            0.9768799999999989,
            0.0
        ],
        [
            0.014959278431511274,
            0.9953880000000025,
            0.08939079641354347,
            0.9768199999999989,
            0.0
        ],
        [
            0.010797550243645239,
            0.9967920000000019,
            0.08959029784181535,
            0.9780399999999988,
            0.0
        ],
        [
            0.0095537611111079,
            0.9973240000000017,
            0.0914571079585086,
            0.9777199999999988,
            0.0
        ],
        [
            0.009941117701917314,
            0.9970680000000017,
            0.09600068125633135,
            0.977039999999999,
            0.0
        ],
        [
            0.005148204985800725,
            0.9987240000000007,
            0.09408726748217837,
            0.9789599999999992,
            0.0
        ],
        [
            0.006098330805434937,
            0.9983560000000009,
            0.09941772410328278,
            0.978319999999999,
            0.0
        ],
        [
            0.0028024427080264327,
            0.9994280000000003,
            0.09334048831685374,
            0.979419999999999,
            0.0
        ],
        [
            0.0012474851777442772,
            0.9999160000000001,
            0.09141127140007185,
            0.9802399999999988,
            0.0
        ],
        [
            0.001060902298568781,
            0.9999200000000001,
            0.0933491968200625,
            0.9804599999999992,
            0.0
        ],
        [
            0.0006526496084805195,
            0.9999880000000001,
            0.09384457484991246,
            0.9802799999999993,
            0.0
        ],
        [
            0.0005626183478698981,
            0.999996,
            0.09514441202360764,
            0.9807199999999989,
            0.0
        ],
        [
            0.00046727589043603167,
            0.999992,
            0.09590625161391234,
            0.9805599999999991,
            0.0
        ],
        [
            0.00040499356832571725,
            1.0,
            0.09681470133771393,
            0.9807999999999989,
            0.0
        ],
        [
            0.0003717369976796021,
            1.0,
            0.09784043082730542,
            0.9808599999999987,
            0.0
        ],
        [
            0.0003456241586085384,
            1.0,
            0.09832962589263095,
            0.9807199999999991,
            0.0
        ],
        [
            0.00032345462595946984,
            1.0,
            0.09895288670377689,
            0.980759999999999,
            0.0
        ],
        [
            0.0003025429909594809,
            1.0,
            0.09979663349233524,
            0.9807199999999991,
            0.0
        ],
        [
            0.0002844317143020595,
            1.0,
            0.10011904219585184,
            0.9809599999999993,
            0.0
        ],
        [
            0.000267776596848305,
            1.0,
            0.10069741534441334,
            0.980919999999999,
            0.0
        ],
        [
            0.00025402022638573057,
            1.0,
            0.10128620381295288,
            0.9808599999999993,
            0.0
        ],
        [
            0.00024186147325373905,
            1.0,
            0.102172843035279,
            0.980899999999999,
            0.0
        ],
        [
            0.00023023122990359444,
            1.0,
            0.10283838977757465,
            0.9808599999999992,
            0.0
        ],
        [
            0.00022155596772234758,
            1.0,
            0.1028228892646956,
            0.9807999999999991,
            0.0
        ],
        [
            0.00021159282010935993,
            1.0,
            0.10351361358985778,
            0.9808399999999988,
            0.0
        ],
        [
            0.00020241515363034193,
            1.0,
            0.10383693884150966,
            0.9808799999999991,
            0.0
        ],
        [
            0.00019503536847400655,
            1.0,
            0.10435437317590537,
            0.980919999999999,
            0.0
        ],
        [
            0.00018874874607484505,
            1.0,
            0.10481388832327243,
            0.9808399999999992,
            0.0
        ],
        [
            0.00018053938454252924,
            1.0,
            0.10510458683565434,
            0.9809599999999989,
            0.0
        ],
        [
            0.00017454512804891556,
            1.0,
            0.10554455751813756,
            0.9807999999999991,
            0.0
        ],
        [
            0.00016908734492392463,
            1.0,
            0.10590379557771339,
            0.9807599999999992,
            0.0
        ],
        [
            0.00016290377146445354,
            1.0,
            0.10627566911821625,
            0.980819999999999,
            0.0
        ],
        [
            0.0001582572531208444,
            1.0,
            0.10669420521076067,
            0.9808599999999992,
            0.0
        ],
        [
            0.00015262278919200034,
            1.0,
            0.10703953549733376,
            0.9808399999999988,
            0.0
        ],
        [
            0.0001483439918808064,
            1.0,
            0.107307187506848,
            0.9809399999999993,
            0.0
        ],
        [
            0.00014403805415991012,
            1.0,
            0.10762970201830221,
            0.9809199999999991,
            0.0
        ],
        [
            0.00014033145641344314,
            1.0,
            0.10793548006204771,
            0.9808399999999992,
            0.0
        ],
        [
            0.00013623210938556443,
            1.0,
            0.10835108019736303,
            0.980899999999999,
            0.0
        ],
        [
            0.000132480477050837,
            1.0,
            0.10867558104050616,
            0.9809399999999993,
            0.0
        ],
        [
            0.00012907678032050387,
            1.0,
            0.10886983056567809,
            0.9809999999999988,
            0.0
        ],
        [
            0.00012578544333666952,
            1.0,
            0.10925862168148226,
            0.9808799999999988,
            0.0
        ],
        [
            0.0001223083340440729,
            1.0,
            0.10956411356584769,
            0.9807999999999992,
            0.0
        ],
        [
            0.00011947959568402018,
            1.0,
            0.10988363604351384,
            0.981039999999999,
            0.0
        ],
        [
            0.0001168511733335085,
            1.0,
            0.11007555850619574,
            0.9807999999999989,
            0.0
        ],
        [
            0.00011380622731623233,
            1.0,
            0.11030261510403505,
            0.980899999999999,
            0.0
        ],
        [
            0.00011140241953223561,
            1.0,
            0.1106871885370696,
            0.9809199999999988,
            0.0
        ],
        [
            0.00010896645596727712,
            1.0,
            0.11085470316424881,
            0.9808799999999993,
            0.0
        ],
        [
            0.00010667414699605032,
            1.0,
            0.11118811042312311,
            0.980759999999999,
            0.0
        ],
        [
            0.0001043842749741456,
            1.0,
            0.11123349244636538,
            0.9808799999999988,
            0.0
        ],
        [
            0.00010198723851886831,
            1.0,
            0.11173247441486849,
            0.980779999999999,
            0.0
        ],
        [
            0.00010009630760543515,
            1.0,
            0.11193844860399123,
            0.9808999999999992,
            0.0
        ],
        [
            9.81264214259421e-05,
            1.0,
            0.11209414348058451,
            0.9807799999999991,
            0.0
        ],
        [
            9.573762369379655e-05,
            1.0,
            0.11238964621910452,
            0.9807799999999988,
            0.0
        ],
        [
            9.411343733981472e-05,
            1.0,
            0.11254461324441914,
            0.9807799999999991,
            0.0
        ],
        [
            9.221232763559912e-05,
            1.0,
            0.1128056064881255,
            0.9808399999999988,
            0.0
        ],
        [
            9.071761548096566e-05,
            1.0,
            0.11295350403689272,
            0.9808399999999988,
            0.0
        ],
        [
            8.897611679060313e-05,
            1.0,
            0.11335754476698182,
            0.980699999999999,
            0.0
        ],
        [
            8.724707785954242e-05,
            1.0,
            0.11349750827980509,
            0.9808799999999991,
            0.0
        ],
        [
            8.583202624967431e-05,
            1.0,
            0.11378005010351493,
            0.9808199999999989,
            0.0
        ],
        [
            8.40515095426685e-05,
            1.0,
            0.11394599207412386,
            0.9807399999999988,
            0.0
        ],
        [
            8.256298034891095e-05,
            1.0,
            0.11415629189467272,
            0.980859999999999,
            0.0
        ],
        [
            8.130312186088479e-05,
            1.0,
            0.11433389518220563,
            0.9807399999999993,
            0.0
        ],
        [
            7.998517986229509e-05,
            1.0,
            0.11461535921302543,
            0.9807399999999993,
            0.0
        ],
        [
            7.871462430576994e-05,
            1.0,
            0.11476053311781478,
            0.9807999999999991,
            0.0
        ],
        [
            7.726433359405216e-05,
            1.0,
            0.11486832166552881,
            0.9808799999999991,
            0.0
        ],
        [
            7.593322713109286e-05,
            1.0,
            0.1150983926630386,
            0.980839999999999,
            0.0
        ],
        [
            7.478727879815736e-05,
            1.0,
            0.11529818204643787,
            0.9806999999999991,
            0.0
        ],
        [
            7.359819821370394e-05,
            1.0,
            0.1155499509930911,
            0.9807999999999988,
            0.0
        ],
        [
            7.25269209247749e-05,
            1.0,
            0.11571049831688038,
            0.9807599999999989,
            0.0
        ],
        [
            7.129824930835931e-05,
            1.0,
            0.11584954356699398,
            0.9807399999999993,
            0.0
        ],
        [
            7.030257459614878e-05,
            1.0,
            0.11597269674207951,
            0.980779999999999,
            0.0
        ],
        [
            6.929338187762227e-05,
            1.0,
            0.11632564295739664,
            0.980819999999999,
            0.0
        ],
        [
            6.826508855873294e-05,
            1.0,
            0.11646258016075048,
            0.9808399999999988,
            0.0
        ],
        [
            6.7235534642219e-05,
            1.0,
            0.11659439605230355,
            0.980779999999999,
            0.0
        ],
        [
            6.626464560486255e-05,
            1.0,
            0.116790569805118,
            0.9808199999999992,
            0.0
        ],
        [
            6.532005988419659e-05,
            1.0,
            0.11693932326570103,
            0.9808399999999992,
            0.0
        ],
        [
            6.445749166575769e-05,
            1.0,
            0.11714190119888188,
            0.9806799999999992,
            0.0
        ],
        [
            6.35462880826177e-05,
            1.0,
            0.11725707884947183,
            0.9807999999999989,
            0.0
        ],
        [
            6.268300758177379e-05,
            1.0,
            0.11743785278360139,
            0.980759999999999,
            0.0
        ],
        [
            6.182077956293405e-05,
            1.0,
            0.11759837009902414,
            0.980759999999999,
            0.0
        ],
        [
            6.0974547270559656e-05,
            1.0,
            0.11770106371316777,
            0.9806999999999991,
            0.0
        ],
        [
            6.017335553085063e-05,
            1.0,
            0.11785269160489735,
            0.9807799999999991,
            0.0
        ],
        [
            5.9393183521568255e-05,
            1.0,
            0.11800104628029184,
            0.980759999999999,
            0.0
        ],
        [
            5.864276174576431e-05,
            1.0,
            0.11819674240560922,
            0.980819999999999,
            0.0
        ],
        [
            5.793880754764543e-05,
            1.0,
            0.11838566639380399,
            0.9807599999999989,
            0.0
        ],
        [
            5.718229072705169e-05,
            1.0,
            0.11854045939478002,
            0.980839999999999,
            0.0
        ],
        [
            5.647549779812393e-05,
            1.0,
            0.1187212770414939,
            0.980679999999999,
            0.0
        ],
        [
            5.576595854740361e-05,
            1.0,
            0.11889712436390201,
            0.9807199999999991,
            0.0
        ],
        [
            5.511406019693161e-05,
            1.0,
            0.11900722676346218,
            0.9807599999999992,
            0.0
        ],
        [
            5.446899176630546e-05,
            1.0,
            0.11915695147902902,
            0.9807399999999994,
            0.0
        ],
        [
            5.37864827710601e-05,
            1.0,
            0.119335335868019,
            0.9807999999999992,
            0.0
        ],
        [
            5.316615128287e-05,
            1.0,
            0.11944782943732335,
            0.9807799999999991,
            0.0
        ]
    ],
    [
        [
            2.3557370876484702,
            0.09121199999999995,
            2.351028544457592,
            0.09429999999999991,
            0.0
        ],
        [
            0.139260638995565,
            0.9573640000000087,
            0.14355911619457437,
            0.958039999999999,
            0.0
        ],
        [
            0.08751737207906965,
            0.9728920000000093,
            0.10782786831799593,
            0.9683399999999986,
            0.0
        ],
        [
            0.06692810350485141,
            0.9795040000000084,
            0.09681995672628983,
            0.971459999999999,
            0.0
        ],
        [
            0.052513420946294256,
            0.9835840000000072,
            0.09406888237350697,
            0.9719999999999992,
            0.0
        ],
        [
            0.04462845707548315,
            0.9860000000000066,
            0.09326038869666334,
            0.972899999999999,
            0.0
        ],
        [
            0.03392836040612104,
            0.9890160000000053,
            0.08962197099215966,
            0.9751799999999988,
            0.0
        ],
        [
            0.02577239795624303,
            0.9920280000000045,
            0.08720733006490126,
            0.975899999999999,
            0.0
        ],
        [
            0.023178413299763764,
            0.9926400000000039,
            0.08987745811129408,
            0.9751999999999994,
            0.0
        ],
        [
            0.016829045019165472,
            0.994952000000003,
            0.08571209792842117,
            0.9770999999999986,
            0.0
        ],
        [
            0.01293039440943609,
            0.996156000000002,
            0.08635926612048146,
            0.977439999999999,
            0.0
        ],
        [
            0.013808250917151774,
            0.9956600000000023,
            0.09579411671634427,
            0.9763999999999988,
            0.0
        ],
        [
            0.008065639620206289,
            0.9977880000000011,
            0.09130355020152767,
            0.9778999999999991,
            0.0
        ],
        [
            0.0100967305061731,
            0.9968960000000017,
            0.09810474876657611,
            0.9769799999999987,
            0.0
        ],
        [
            0.006945978510294382,
            0.9980360000000011,
            0.09421315117473193,
            0.978559999999999,
            0.0
        ],
        [
            0.0025168678512582626,
            0.9995720000000002,
            0.09007061578051882,
            0.9805199999999991,
            0.0
        ],
        [
            0.0018110943710392396,
            0.9997480000000001,
            0.09091972581489116,
            0.980459999999999,
            0.0
        ],
        [
            0.0010083695181218948,
            0.9999439999999999,
            0.09010408498854643,
            0.9810999999999988,
            0.0
        ],
        [
            0.0007140498552861373,
            0.999996,
            0.0909632691570306,
            0.9810599999999988,
            0.0
        ],
        [
            0.0005982040141132326,
            0.9999880000000001,
            0.09174742004012679,
            0.9811399999999992,
            0.0
        ],
        [
            0.0005764848624132812,
            0.9999800000000001,
            0.09286043379582057,
            0.981139999999999,
            0.0
        ],
        [
            0.0004581670118766074,
            1.0,
            0.09374101633469775,
            0.9811999999999991,
            0.0
        ],
        [
            0.0004162245154062769,
            1.0,
            0.09478781202440435,
            0.981299999999999,
            0.0
        ],
        [
            0.0003777022638174731,
            1.0,
            0.09538533986897886,
            0.9811199999999989,
            0.0
        ],
        [
            0.0003557569976077549,
            1.0,
            0.09622256172784135,
            0.9812399999999991,
            0.0
        ],
        [
            0.00033497299998987265,
            1.0,
            0.09671970483818765,
            0.981079999999999,
            0.0
        ],
        [
            0.0003115042705703934,
            1.0,
            0.09729599846330708,
            0.9812399999999993,
            0.0
        ],
        [
            0.0002959128134233997,
            1.0,
            0.09766591699509666,
            0.9814799999999989,
            0.0
        ],
        [
            0.000278075854508249,
            1.0,
            0.09833980294819475,
            0.981359999999999,
            0.0
        ],
        [
            0.00026360609022218015,
            1.0,
            0.09881598650495649,
            0.9812999999999995,
            0.0
        ],
        [
            0.00025013034333267326,
            1.0,
            0.09957334953742066,
            0.9814399999999992,
            0.0
        ],
        [
            0.00023848905556665023,
            1.0,
            0.10016345136964903,
            0.981299999999999,
            0.0
        ],
        [
            0.00022860724726916248,
            1.0,
            0.10044775968833555,
            0.9811599999999991,
            0.0
        ],
        [
            0.00021939073794294975,
            1.0,
            0.10096882558995646,
            0.981219999999999,
            0.0
        ],
        [
            0.00020972130490443932,
            1.0,
            0.10132011842737634,
            0.9811999999999991,
            0.0
        ],
        [
            0.00020263957972343916,
            1.0,
            0.10177327067564568,
            0.981379999999999,
            0.0
        ],
        [
            0.0001950168276117101,
            1.0,
            0.1022770198596833,
            0.9813799999999991,
            0.0
        ],
        [
            0.00018724209634046925,
            1.0,
            0.10256597835329795,
            0.981379999999999,
            0.0
        ],
        [
            0.00018073444697154175,
            1.0,
            0.10303058960408981,
            0.9813399999999989,
            0.0
        ],
        [
            0.00017509820913825673,
            1.0,
            0.10332534131882913,
            0.981439999999999,
            0.0
        ],
        [
            0.00016869834760652294,
            1.0,
            0.10367819123178343,
            0.9814799999999989,
            0.0
        ],
        [
            0.00016387051870369896,
            1.0,
            0.104158709243877,
            0.981539999999999,
            0.0
        ],
        [
            0.00015806083991828148,
            1.0,
            0.10439113045003215,
            0.9814599999999988,
            0.0
        ],
        [
            0.0001535808185097995,
            1.0,
            0.10470347766010704,
            0.9815399999999992,
            0.0
        ],
        [
            0.00014950901621623886,
            1.0,
            0.10503605159905127,
            0.9814199999999991,
            0.0
        ],
        [
            0.0001449927109090664,
            1.0,
            0.10534805883843526,
            0.9815199999999991,
            0.0
        ],
        [
            0.0001413481125125754,
            1.0,
            0.10572672647629625,
            0.981379999999999,
            0.0
        ],
        [
            0.00013733365923672937,
            1.0,
            0.10610303844780958,
            0.9813199999999993,
            0.0
        ],
        [
            0.00013365284104120836,
            1.0,
            0.10626789788268003,
            0.981379999999999,
            0.0
        ],
        [
            0.0001302930045124437,
            1.0,
            0.1065789979876525,
            0.981359999999999,
            0.0
        ],
        [
            0.0001267443462617728,
            1.0,
            0.1069188876578054,
            0.9813399999999991,
            0.0
        ],
        [
            0.00012343858570841592,
            1.0,
            0.10719065349338375,
            0.9814799999999989,
            0.0
        ],
        [
            0.00012103672635189628,
            1.0,
            0.1074035897191847,
            0.9812799999999988,
            0.0
        ],
        [
            0.0001180211950380226,
            1.0,
            0.10771188095458943,
            0.9814399999999992,
            0.0
        ],
        [
            0.00011506209272706133,
            1.0,
            0.10798540931633152,
            0.9813599999999992,
            0.0
        ],
        [
            0.00011280050920821585,
            1.0,
            0.10817623899668247,
            0.9813799999999995,
            0.0
        ],
        [
            0.00011034179987686583,
            1.0,
            0.10854039331611684,
            0.9813399999999992,
            0.0
        ],
        [
            0.00010784324025266037,
            1.0,
            0.10865925242658366,
            0.9814799999999988,
            0.0
        ],
        [
            0.00010551027481435085,
            1.0,
            0.10896124391925148,
            0.9815199999999991,
            0.0
        ],
        [
            0.00010357741817304642,
            1.0,
            0.10931391531521932,
            0.9814399999999992,
            0.0
        ],
        [
            0.000101459813639795,
            1.0,
            0.10937466145893601,
            0.9815199999999988,
            0.0
        ],
        [
            9.898484821525331e-05,
            1.0,
            0.10966295004486062,
            0.981459999999999,
            0.0
        ],
        [
            9.729002218998866e-05,
            1.0,
            0.10986561488962562,
            0.9812599999999991,
            0.0
        ],
        [
            9.531451678471881e-05,
            1.0,
            0.11016033504637486,
            0.9813599999999987,
            0.0
        ],
        [
            9.357886948621231e-05,
            1.0,
            0.11027769504233073,
            0.981459999999999,
            0.0
        ],
        [
            9.179905438487809e-05,
            1.0,
            0.11069094714256249,
            0.9814399999999992,
            0.0
        ],
        [
            9.006503150649012e-05,
            1.0,
            0.11082817321301301,
            0.9814199999999991,
            0.0
        ],
        [
            8.862541321496265e-05,
            1.0,
            0.11101029655972353,
            0.9814599999999988,
            0.0
        ],
        [
            8.673749347188755e-05,
            1.0,
            0.111239994306677,
            0.9814799999999989,
            0.0
        ],
        [
            8.519341899860976e-05,
            1.0,
            0.11143318816840744,
            0.9813399999999991,
            0.0
        ],
        [
            8.383488493241048e-05,
            1.0,
            0.11158321428472333,
            0.981499999999999,
            0.0
        ],
        [
            8.248683448837626e-05,
            1.0,
            0.11188503396710811,
            0.981299999999999,
            0.0
        ],
        [
            8.118190753861978e-05,
            1.0,
            0.1120769054981765,
            0.9813999999999992,
            0.0
        ],
        [
            7.968326273424349e-05,
            1.0,
            0.11220930510769986,
            0.981319999999999,
            0.0
        ],
        [
            7.827939104627373e-05,
            1.0,
            0.11238679758284431,
            0.981359999999999,
            0.0
        ],
        [
            7.70777048153238e-05,
            1.0,
            0.11258091914394812,
            0.981279999999999,
            0.0
        ],
        [
            7.585258196412016e-05,
            1.0,
            0.11282759050985373,
            0.9812999999999992,
            0.0
        ],
        [
            7.478732410283486e-05,
            1.0,
            0.11300121734532916,
            0.9813199999999991,
            0.0
        ],
        [
            7.350008588389898e-05,
            1.0,
            0.11310817352695927,
            0.9812799999999993,
            0.0
        ],
        [
            7.24585871949666e-05,
            1.0,
            0.11331682217095873,
            0.9813399999999989,
            0.0
        ],
        [
            7.137114572274193e-05,
            1.0,
            0.11362610970432548,
            0.9812799999999988,
            0.0
        ],
        [
            7.032424001908344e-05,
            1.0,
            0.11369166622501987,
            0.981379999999999,
            0.0
        ],
        [
            6.93317686449631e-05,
            1.0,
            0.11381652969538063,
            0.9814199999999988,
            0.0
        ],
        [
            6.82464745741742e-05,
            1.0,
            0.11403218607001162,
            0.9812999999999992,
            0.0
        ],
        [
            6.723997198911669e-05,
            1.0,
            0.11419819688662794,
            0.981299999999999,
            0.0
        ],
        [
            6.639215194878553e-05,
            1.0,
            0.11441152147251102,
            0.9813199999999991,
            0.0
        ],
        [
            6.543654946821994e-05,
            1.0,
            0.11451464406058405,
            0.9813599999999989,
            0.0
        ],
        [
            6.449593673578705e-05,
            1.0,
            0.1146721445115673,
            0.981359999999999,
            0.0
        ],
        [
            6.363234165763598e-05,
            1.0,
            0.11482993367877085,
            0.9812599999999989,
            0.0
        ],
        [
            6.270998602905772e-05,
            1.0,
            0.11494719192216837,
            0.9812399999999991,
            0.0
        ],
        [
            6.191406131400343e-05,
            1.0,
            0.1151365287784619,
            0.9813199999999991,
            0.0
        ],
        [
            6.113166583018333e-05,
            1.0,
            0.11524140623558443,
            0.981299999999999,
            0.0
        ],
        [
            6.0312633873757534e-05,
            1.0,
            0.11541584630997288,
            0.981359999999999,
            0.0
        ],
        [
            5.961962628829851e-05,
            1.0,
            0.11562432752196569,
            0.9812999999999992,
            0.0
        ],
        [
            5.8830760143959934e-05,
            1.0,
            0.11575149631637109,
            0.9812599999999991,
            0.0
        ],
        [
            5.8069370335551e-05,
            1.0,
            0.11592384649098988,
            0.981219999999999,
            0.0
        ],
        [
            5.7321154077645996e-05,
            1.0,
            0.11614254441613987,
            0.9812599999999992,
            0.0
        ],
        [
            5.663133440217121e-05,
            1.0,
            0.11623069381240572,
            0.9812399999999991,
            0.0
        ],
        [
            5.60226323814216e-05,
            1.0,
            0.11643379753912889,
            0.9813599999999993,
            0.0
        ],
        [
            5.5293381087128834e-05,
            1.0,
            0.11652094343282951,
            0.9812399999999993,
            0.0
        ],
        [
            5.4637545284050334e-05,
            1.0,
            0.11667749428078351,
            0.9813999999999992,
            0.0
        ]
    ],
    [
        [
            2.4194511498758677,
            0.08140799999999995,
            2.412155841340865,
            0.08543999999999993,
            0.0
        ],
        [
            0.16643997964382354,
            0.9490720000000078,
            0.16479470906279436,
            0.9518399999999991,
            0.0
        ],
        [
            0.10379145486077854,
            0.9677320000000094,
            0.11750561789128874,
            0.9653999999999989,
            0.0
        ],
        [
            0.08053568190692788,
            0.9752400000000089,
            0.10375688265940523,
            0.968879999999999,
            0.0
        ],
        [
            0.06299193517519672,
            0.9799440000000083,
            0.09459327876586002,
            0.971539999999999,
            0.0
        ],
        [
            0.05357983047868973,
            0.9830840000000075,
            0.09053421045828916,
            0.9733999999999992,
            0.0
        ],
        [
            0.043050106847938696,
            0.9865120000000063,
            0.08751860467840891,
            0.974719999999999,
            0.0
        ],
        [
            0.03195084537290057,
            0.989924000000005,
            0.08249157066326095,
            0.9763999999999988,
            0.0
        ],
        [
            0.03259684578928969,
            0.9896440000000053,
            0.08754752323599976,
            0.9754799999999992,
            0.0
        ],
        [
            0.023701609730914924,
            0.992444000000004,
            0.08293378523894683,
            0.9777999999999988,
            0.0
        ],
        [
            0.02189581910902421,
            0.9929560000000036,
            0.08702463918945322,
            0.9762399999999989,
            0.0
        ],
        [
            0.015285631605274647,
            0.9953120000000026,
            0.08268288554655459,
            0.9790399999999991,
            0.0
        ],
        [
            0.015197156314973457,
            0.9952800000000026,
            0.0869029525642352,
            0.9776799999999991,
            0.0
        ],
        [
            0.011415487210314958,
            0.9966200000000018,
            0.08685655996019315,
            0.9785399999999991,
            0.0
        ],
        [
            0.01247197772999889,
            0.9961600000000022,
            0.09436962124838813,
            0.977579999999999,
            0.0
        ],
        [
            0.006783258195048145,
            0.9983520000000009,
            0.08800644232872577,
            0.9796399999999993,
            0.0
        ],
        [
            0.0048399677158753596,
            0.9989520000000006,
            0.08786672976279544,
            0.9797199999999989,
            0.0
        ],
        [
            0.003917935374651226,
            0.9992440000000004,
            0.08834956827628708,
            0.9800399999999989,
            0.0
        ],
        [
            0.0032821911941992043,
            0.9994000000000003,
            0.09114772303558728,
            0.9803199999999992,
            0.0
        ],
        [
            0.0022800677468628088,
            0.999712,
            0.09111134399231807,
            0.9802799999999993,
            0.0
        ],
        [
            0.0013843398759977297,
            0.9998720000000001,
            0.08962709173947969,
            0.9811799999999987,
            0.0
        ],
        [
            0.001172944522198219,
            0.999916,
            0.09103027750857566,
            0.9811399999999992,
            0.0
        ],
        [
            0.0008713963201279259,
            0.9999800000000001,
            0.09127394595916606,
            0.9813599999999992,
            0.0
        ],
        [
            0.0008325385243980648,
            0.999972,
            0.09254865753435751,
            0.9810199999999991,
            0.0
        ],
        [
            0.0007206686097587196,
            0.9999839999999999,
            0.09315464327808452,
            0.9816999999999989,
            0.0
        ],
        [
            0.0006837518632357726,
            0.999964,
            0.09454190332417174,
            0.9814199999999991,
            0.0
        ],
        [
            0.000585902467889916,
            1.0,
            0.09484582464439929,
            0.9814799999999991,
            0.0
        ],
        [
            0.0005380416586123481,
            1.0,
            0.09561175758734938,
            0.9816599999999992,
            0.0
        ],
        [
            0.0004924745611552634,
            1.0,
            0.0962766588890287,
            0.9815199999999988,
            0.0
        ],
        [
            0.00045002743988558074,
            1.0,
            0.0972022230410165,
            0.9814999999999993,
            0.0
        ],
        [
            0.0004417889160127357,
            0.999996,
            0.0980633740524243,
            0.9814599999999988,
            0.0
        ],
        [
            0.00041176646572146247,
            1.0,
            0.09894315380267138,
            0.981499999999999,
            0.0
        ],
        [
            0.00038206082803420526,
            1.0,
            0.0989866830261931,
            0.9813799999999991,
            0.0
        ],
        [
            0.00036095277108647483,
            1.0,
            0.09953194272140722,
            0.9814199999999994,
            0.0
        ],
        [
            0.0003411309218289419,
            1.0,
            0.1002684384307309,
            0.9814599999999991,
            0.0
        ],
        [
            0.0003272255960734218,
            1.0,
            0.10073915977059025,
            0.9814399999999989,
            0.0
        ],
        [
            0.0003122329950971625,
            1.0,
            0.1015631401787285,
            0.9815399999999992,
            0.0
        ],
        [
            0.0003003157564503443,
            1.0,
            0.10186935044581702,
            0.9815599999999991,
            0.0
        ],
        [
            0.00028588372648792067,
            1.0,
            0.10258107626092938,
            0.9816599999999991,
            0.0
        ],
        [
            0.000276725613250863,
            1.0,
            0.10276712282370803,
            0.981499999999999,
            0.0
        ],
        [
            0.00026508314168709375,
            1.0,
            0.10349858796123898,
            0.9815399999999987,
            0.0
        ],
        [
            0.0002561614068198044,
            1.0,
            0.10385352637428644,
            0.9814999999999993,
            0.0
        ],
        [
            0.0002469496998905598,
            1.0,
            0.10418884511613298,
            0.9813399999999991,
            0.0
        ],
        [
            0.00023901218521049902,
            1.0,
            0.1048237102177136,
            0.9815199999999992,
            0.0
        ],
        [
            0.0002294594390467929,
            1.0,
            0.10521126079392325,
            0.9814799999999989,
            0.0
        ],
        [
            0.0002225936447243013,
            1.0,
            0.10568395701998803,
            0.9814599999999991,
            0.0
        ],
        [
            0.00021603777702722694,
            1.0,
            0.10599375089056409,
            0.981599999999999,
            0.0
        ],
        [
            0.00020934157235351114,
            1.0,
            0.10651728560238646,
            0.9815599999999993,
            0.0
        ],
        [
            0.00020252633958404797,
            1.0,
            0.10679597046149428,
            0.9814799999999991,
            0.0
        ],
        [
            0.00019704533271598055,
            1.0,
            0.10713778601210518,
            0.9813999999999992,
            0.0
        ],
        [
            0.00019073435415739722,
            1.0,
            0.10749644537227623,
            0.9814999999999987,
            0.0
        ],
        [
            0.00018591602818896025,
            1.0,
            0.10790490703738294,
            0.9814999999999989,
            0.0
        ],
        [
            0.00018129028939803887,
            1.0,
            0.10806454106447021,
            0.981499999999999,
            0.0
        ],
        [
            0.00017604927704311394,
            1.0,
            0.10843103982934636,
            0.9815599999999989,
            0.0
        ],
        [
            0.0001716810987775728,
            1.0,
            0.1087528574851637,
            0.9814599999999991,
            0.0
        ],
        [
            0.0001677523476113142,
            1.0,
            0.10913339291855553,
            0.981439999999999,
            0.0
        ],
        [
            0.00016353830956553162,
            1.0,
            0.10931720372603174,
            0.9814399999999992,
            0.0
        ],
        [
            0.0001596731672001271,
            1.0,
            0.10961365930189593,
            0.981499999999999,
            0.0
        ],
        [
            0.00015557601593948583,
            1.0,
            0.10992769110535121,
            0.981459999999999,
            0.0
        ],
        [
            0.00015192615581273105,
            1.0,
            0.11039569331695902,
            0.9813999999999992,
            0.0
        ],
        [
            0.0001498427901974612,
            1.0,
            0.11061495306100659,
            0.9814799999999991,
            0.0
        ],
        [
            0.00014505500961185352,
            1.0,
            0.11076722369472036,
            0.9814799999999989,
            0.0
        ],
        [
            0.0001426688847418935,
            1.0,
            0.11112837460673866,
            0.9815199999999991,
            0.0
        ],
        [
            0.00013951670937291925,
            1.0,
            0.11166781016028089,
            0.9815599999999989,
            0.0
        ],
        [
            0.00013669031583513189,
            1.0,
            0.11172250137083657,
            0.9814799999999991,
            0.0
        ],
        [
            0.00013337120349455706,
            1.0,
            0.11200939675915567,
            0.9813999999999989,
            0.0
        ],
        [
            0.00013093190210946017,
            1.0,
            0.11237682529372403,
            0.981439999999999,
            0.0
        ],
        [
            0.00012855590590004007,
            1.0,
            0.11236285706009538,
            0.9815799999999992,
            0.0
        ],
        [
            0.00012573616660663237,
            1.0,
            0.11275066465187952,
            0.9814799999999991,
            0.0
        ],
        [
            0.0001230678023274833,
            1.0,
            0.11296619712258708,
            0.9814399999999989,
            0.0
        ],
        [
            0.00012114707288535825,
            1.0,
            0.11317034276009792,
            0.9814599999999991,
            0.0
        ],
        [
            0.00011853848368788314,
            1.0,
            0.11347408881886048,
            0.9813999999999992,
            0.0
        ],
        [
            0.00011654402087347214,
            1.0,
            0.1136447287758188,
            0.9814199999999991,
            0.0
        ],
        [
            0.00011433156372064896,
            1.0,
            0.11391313268208333,
            0.981579999999999,
            0.0
        ],
        [
            0.00011227551449636004,
            1.0,
            0.11418281024569296,
            0.9814799999999989,
            0.0
        ],
        [
            0.00011048346081989498,
            1.0,
            0.11428804276468855,
            0.9813999999999992,
            0.0
        ],
        [
            0.00010846757078142122,
            1.0,
            0.11463779050662096,
            0.9815599999999989,
            0.0
        ],
        [
            0.0001067535960123772,
            1.0,
            0.11491217853213771,
            0.9815599999999989,
            0.0
        ],
        [
            0.00010467676358268613,
            1.0,
            0.11498749818070482,
            0.981439999999999,
            0.0
        ],
        [
            0.0001031570919892856,
            1.0,
            0.11529613534499768,
            0.9814799999999991,
            0.0
        ],
        [
            0.0001013808929467709,
            1.0,
            0.11561092512518482,
            0.981459999999999,
            0.0
        ],
        [
            9.969353750866661e-05,
            1.0,
            0.11576301034320316,
            0.9814999999999993,
            0.0
        ],
        [
            9.834148252033143e-05,
            1.0,
            0.11600657033741943,
            0.9813999999999989,
            0.0
        ],
        [
            9.649823401913164e-05,
            1.0,
            0.11606985511484935,
            0.981579999999999,
            0.0
        ],
        [
            9.492985052348907e-05,
            1.0,
            0.11626427907079458,
            0.9813399999999991,
            0.0
        ],
        [
            9.377846907187572e-05,
            1.0,
            0.11658167418230289,
            0.9814799999999989,
            0.0
        ],
        [
            9.240361980870565e-05,
            1.0,
            0.1168200077944006,
            0.9813799999999988,
            0.0
        ],
        [
            9.08832882848931e-05,
            1.0,
            0.11685822078764214,
            0.9814799999999988,
            0.0
        ],
        [
            8.964539836552279e-05,
            1.0,
            0.1170953846054054,
            0.981359999999999,
            0.0
        ],
        [
            8.824107472142474e-05,
            1.0,
            0.1172023464418274,
            0.9814599999999991,
            0.0
        ],
        [
            8.700051396685441e-05,
            1.0,
            0.11747578742068794,
            0.9813799999999991,
            0.0
        ],
        [
            8.575603831424849e-05,
            1.0,
            0.11765357412523872,
            0.9814399999999992,
            0.0
        ],
        [
            8.44961670896901e-05,
            1.0,
            0.11781081061150098,
            0.9814599999999991,
            0.0
        ],
        [
            8.346623695133421e-05,
            1.0,
            0.11807190049526095,
            0.9815199999999986,
            0.0
        ],
        [
            8.231892297042908e-05,
            1.0,
            0.11821535282674289,
            0.9814199999999991,
            0.0
        ],
        [
            8.10570395110967e-05,
            1.0,
            0.11843320423699491,
            0.9814199999999991,
            0.0
        ],
        [
            7.99140993614302e-05,
            1.0,
            0.11855074956566611,
            0.9813799999999994,
            0.0
        ],
        [
            7.89122794660479e-05,
            1.0,
            0.11873670051705013,
            0.9814599999999988,
            0.0
        ],
        [
            7.822717498430253e-05,
            1.0,
            0.11898255646370208,
            0.9814199999999993,
            0.0
        ],
        [
            7.714623597274256e-05,
            1.0,
            0.11914181609170083,
            0.9814199999999991,
            0.0
        ],
        [
            7.611433191598432e-05,
            1.0,
            0.11924972913810139,
            0.9815199999999991,
            0.0
        ]
    ],
    [
        [
            2.608133070068458,
            0.08909199999999999,
            2.5993692860511715,
            0.0921199999999999,
            0.0
        ],
        [
            0.17244616239900754,
            0.9467880000000074,
            0.1726185630417707,
            0.9493399999999992,
            0.0
        ],
        [
            0.10843751628457865,
            0.9659240000000097,
            0.12352779706657002,
            0.9643799999999988,
            0.0
        ],
        [
            0.08735897994974126,
            0.9719640000000093,
            0.11566906220323192,
            0.9649399999999991,
            0.0
        ],
        [
            0.0700400083506859,
            0.9771080000000089,
            0.10446443647967196,
            0.9693599999999986,
            0.0
        ],
        [
            0.06259062238248404,
            0.9796280000000086,
            0.10266834316717317,
            0.9698599999999988,
            0.0
        ],
        [
            0.051652269805100556,
            0.9834600000000071,
            0.10060781776904526,
            0.9716199999999988,
            0.0
        ],
        [
            0.04005345857418523,
            0.9864600000000063,
            0.09509588783323975,
            0.9731999999999991,
            0.0
        ],
        [
            0.04360232770135976,
            0.9851600000000069,
            0.10367352152811152,
            0.9723999999999988,
            0.0
        ],
        [
            0.030038662545347684,
            0.989996000000005,
            0.09606480696638059,
            0.9753599999999988,
            0.0
        ],
        [
            0.02834552940791118,
            0.9904440000000048,
            0.0968872530018581,
            0.975679999999999,
            0.0
        ],
        [
            0.02398365931513728,
            0.9920360000000041,
            0.09950264173506865,
            0.9750199999999991,
            0.0
        ],
        [
            0.02548849766816405,
            0.9911400000000041,
            0.10935739135323544,
            0.9738799999999989,
            0.0
        ],
        [
            0.017236718822997814,
            0.9941120000000033,
            0.100840495735226,
            0.9767399999999992,
            0.0
        ],
        [
            0.015653647965990714,
            0.9949200000000029,
            0.10464201622844574,
            0.976159999999999,
            0.0
        ],
        [
            0.008792074867676223,
            0.9971320000000017,
            0.10179089855706744,
            0.978399999999999,
            0.0
        ],
        [
            0.008371185789604373,
            0.9973000000000016,
            0.10364642537388576,
            0.978159999999999,
            0.0
        ],
        [
            0.009645802641560043,
            0.9967520000000019,
            0.10961716402033388,
            0.9770399999999988,
            0.0
        ],
        [
            0.0068214582893758565,
            0.9978000000000014,
            0.1091799860613887,
            0.9776199999999993,
            0.0
        ],
        [
            0.0045035086382609986,
            0.9987640000000008,
            0.10410630002458447,
            0.978319999999999,
            0.0
        ],
        [
            0.0014446105063408306,
            0.9998040000000001,
            0.1008198170604329,
            0.9799399999999991,
            0.0
        ],
        [
            0.0008294890062308776,
            0.999924,
            0.09915259579811195,
            0.980819999999999,
            0.0
        ],
        [
            0.0005362238026788146,
            0.999992,
            0.09955663781837303,
            0.9808599999999987,
            0.0
        ],
        [
            0.0004388903406087526,
            1.0,
            0.10023302487655635,
            0.9809599999999993,
            0.0
        ],
        [
            0.0004232619697727611,
            0.999992,
            0.10083554911759389,
            0.980759999999999,
            0.0
        ],
        [
            0.0003666211825642359,
            1.0,
            0.10146065595976883,
            0.981099999999999,
            0.0
        ],
        [
            0.00033951261042328227,
            1.0,
            0.10192187211453207,
            0.9811599999999991,
            0.0
        ],
        [
            0.0003171216915404521,
            1.0,
            0.10267078206513805,
            0.9807999999999991,
            0.0
        ],
        [
            0.0002932617512900177,
            1.0,
            0.10298353064883226,
            0.980859999999999,
            0.0
        ],
        [
            0.00028029285419241186,
            1.0,
            0.10353258482721757,
            0.9807999999999992,
            0.0
        ],
        [
            0.0002672480809584139,
            1.0,
            0.10438077643406803,
            0.9809799999999991,
            0.0
        ],
        [
            0.00025392812913080647,
            1.0,
            0.10484111889299386,
            0.9809199999999988,
            0.0
        ],
        [
            0.00024402549786103453,
            1.0,
            0.10521196181516061,
            0.9809799999999989,
            0.0
        ],
        [
            0.0002323108552438681,
            1.0,
            0.10535205350829253,
            0.980919999999999,
            0.0
        ],
        [
            0.0002239503237056473,
            1.0,
            0.10584536028124311,
            0.9808199999999992,
            0.0
        ],
        [
            0.00021578186584370035,
            1.0,
            0.10639208759448197,
            0.9809799999999991,
            0.0
        ],
        [
            0.0002082291421627755,
            1.0,
            0.10670233696580782,
            0.980839999999999,
            0.0
        ],
        [
            0.0002014775826331196,
            1.0,
            0.10714616284113661,
            0.9808799999999988,
            0.0
        ],
        [
            0.00019382233719545712,
            1.0,
            0.10755048874707043,
            0.9808999999999989,
            0.0
        ],
        [
            0.00018783177097790065,
            1.0,
            0.1077776695932933,
            0.9808799999999988,
            0.0
        ],
        [
            0.00018184663154918507,
            1.0,
            0.10827835303558404,
            0.9809599999999989,
            0.0
        ],
        [
            0.00017678766992081178,
            1.0,
            0.10864482568834614,
            0.9808799999999993,
            0.0
        ],
        [
            0.00017097132987368258,
            1.0,
            0.10889851931016412,
            0.9809399999999991,
            0.0
        ],
        [
            0.00016754095034690126,
            1.0,
            0.10909214347007608,
            0.9809399999999991,
            0.0
        ],
        [
            0.0001615679082487744,
            1.0,
            0.10952253130123124,
            0.9809799999999991,
            0.0
        ],
        [
            0.0001576284276054086,
            1.0,
            0.1097753719591545,
            0.980779999999999,
            0.0
        ],
        [
            0.00015297506752780756,
            1.0,
            0.11004742431230255,
            0.9809799999999989,
            0.0
        ],
        [
            0.00014914203746245052,
            1.0,
            0.11037275349818865,
            0.9807799999999991,
            0.0
        ],
        [
            0.00014571977797801894,
            1.0,
            0.11049815688108411,
            0.9808599999999992,
            0.0
        ],
        [
            0.00014225444486443432,
            1.0,
            0.11082655598937388,
            0.9808399999999992,
            0.0
        ],
        [
            0.0001384859147090394,
            1.0,
            0.11112796506594284,
            0.980819999999999,
            0.0
        ],
        [
            0.00013527802434710025,
            1.0,
            0.11135194643682134,
            0.980859999999999,
            0.0
        ],
        [
            0.00013235205405435046,
            1.0,
            0.11152939085582998,
            0.9808399999999988,
            0.0
        ],
        [
            0.0001296837031479274,
            1.0,
            0.11182499248820625,
            0.980899999999999,
            0.0
        ],
        [
            0.00012668925630737992,
            1.0,
            0.11225081720949512,
            0.9809199999999991,
            0.0
        ],
        [
            0.00012396899505800698,
            1.0,
            0.112344511716444,
            0.9808799999999989,
            0.0
        ],
        [
            0.00012171297727903686,
            1.0,
            0.11262252304709097,
            0.980759999999999,
            0.0
        ],
        [
            0.00011902661581265816,
            1.0,
            0.11282112322429039,
            0.9808599999999992,
            0.0
        ],
        [
            0.00011656862048984645,
            1.0,
            0.11301819888312452,
            0.9809399999999989,
            0.0
        ],
        [
            0.00011429537601753299,
            1.0,
            0.11334713441713787,
            0.9809399999999988,
            0.0
        ],
        [
            0.0001124373984948137,
            1.0,
            0.11349268284022922,
            0.980919999999999,
            0.0
        ],
        [
            0.0001097711653901187,
            1.0,
            0.11376865654114957,
            0.980919999999999,
            0.0
        ],
        [
            0.00010796962542233422,
            1.0,
            0.11391267077072395,
            0.9809799999999989,
            0.0
        ],
        [
            0.00010606488755341459,
            1.0,
            0.1142104183486713,
            0.9809799999999989,
            0.0
        ],
        [
            0.00010423680920986761,
            1.0,
            0.11442109922798742,
            0.9808999999999994,
            0.0
        ],
        [
            0.0001022115184637731,
            1.0,
            0.1146736277041626,
            0.980859999999999,
            0.0
        ],
        [
            0.00010063519862221332,
            1.0,
            0.11486996563956153,
            0.9808999999999992,
            0.0
        ],
        [
            9.892698691521917e-05,
            1.0,
            0.1150489308332561,
            0.9809399999999989,
            0.0
        ],
        [
            9.706225741969863e-05,
            1.0,
            0.11513320614000062,
            0.9808399999999992,
            0.0
        ],
        [
            9.54668327231811e-05,
            1.0,
            0.11541446633798817,
            0.9808799999999988,
            0.0
        ],
        [
            9.403239073604385e-05,
            1.0,
            0.11566529334776446,
            0.9809999999999992,
            0.0
        ],
        [
            9.238985525045543e-05,
            1.0,
            0.11576238435593819,
            0.9808799999999989,
            0.0
        ],
        [
            9.112777109101773e-05,
            1.0,
            0.1158961734596419,
            0.9809199999999988,
            0.0
        ],
        [
            8.957836003963262e-05,
            1.0,
            0.11613124965361772,
            0.980899999999999,
            0.0
        ],
        [
            8.816288319735333e-05,
            1.0,
            0.11638133345582294,
            0.980899999999999,
            0.0
        ],
        [
            8.693457193286823e-05,
            1.0,
            0.1164681119636777,
            0.980819999999999,
            0.0
        ],
        [
            8.56886084023183e-05,
            1.0,
            0.11674897270653224,
            0.980779999999999,
            0.0
        ],
        [
            8.435862768048446e-05,
            1.0,
            0.11692577266768944,
            0.980819999999999,
            0.0
        ],
        [
            8.299920916326014e-05,
            1.0,
            0.11709775606939354,
            0.980859999999999,
            0.0
        ],
        [
            8.197790266387863e-05,
            1.0,
            0.11725347969709077,
            0.9809199999999991,
            0.0
        ],
        [
            8.073138494577587e-05,
            1.0,
            0.11741039456591355,
            0.9808599999999987,
            0.0
        ],
        [
            7.959867873825257e-05,
            1.0,
            0.11754316209119182,
            0.980899999999999,
            0.0
        ],
        [
            7.85095641269483e-05,
            1.0,
            0.11768754732136907,
            0.9808999999999989,
            0.0
        ],
        [
            7.736254728423847e-05,
            1.0,
            0.11784801688811161,
            0.9809399999999991,
            0.0
        ],
        [
            7.628154238231024e-05,
            1.0,
            0.11799438116493957,
            0.9808999999999992,
            0.0
        ],
        [
            7.5442476581397e-05,
            1.0,
            0.11813061416325335,
            0.9808799999999991,
            0.0
        ],
        [
            7.440805717514427e-05,
            1.0,
            0.11843705694222491,
            0.9809199999999988,
            0.0
        ],
        [
            7.348160798630863e-05,
            1.0,
            0.11850051328705366,
            0.9809799999999991,
            0.0
        ],
        [
            7.252826181780899e-05,
            1.0,
            0.1186609285387982,
            0.9808999999999992,
            0.0
        ],
        [
            7.157045809081097e-05,
            1.0,
            0.11870657186966711,
            0.9808599999999993,
            0.0
        ],
        [
            7.067632378224468e-05,
            1.0,
            0.11893069899611963,
            0.9809599999999989,
            0.0
        ],
        [
            6.97547571049355e-05,
            1.0,
            0.11905362367242207,
            0.980999999999999,
            0.0
        ],
        [
            6.893843740656021e-05,
            1.0,
            0.11921660104723952,
            0.9808999999999989,
            0.0
        ],
        [
            6.807617668814892e-05,
            1.0,
            0.11943210705469995,
            0.9808799999999989,
            0.0
        ],
        [
            6.723368544247968e-05,
            1.0,
            0.11953759101231709,
            0.9808399999999988,
            0.0
        ],
        [
            6.645793943021032e-05,
            1.0,
            0.11968093404023131,
            0.9808799999999989,
            0.0
        ],
        [
            6.56802607703437e-05,
            1.0,
            0.11984606459680522,
            0.980839999999999,
            0.0
        ],
        [
            6.487726996581063e-05,
            1.0,
            0.1199937054646933,
            0.980859999999999,
            0.0
        ],
        [
            6.428696501436482e-05,
            1.0,
            0.1200972130757502,
            0.9808599999999987,
            0.0
        ],
        [
            6.349084719494484e-05,
            1.0,
            0.12026543737191697,
            0.9808399999999988,
            0.0
        ],
        [
            6.276365513185019e-05,
            1.0,
            0.12038209833655689,
            0.9809599999999987,
            0.0
        ]
    ]
]