[
    [
        [
            2.5611325675641017,
            0.09690800000000005,
            2.554237640394705,
            0.0977399999999999,
            0.0
        ],
        [
            0.5660847445167768,
            0.8468320000000004,
            0.5275277409323141,
            0.8624600000000001,
            0.0
        ],
        [
            0.3733043614111486,
            0.8949959999999997,
            0.3456791852450943,
            0.9023600000000002,
            0.0
        ],
        [
            0.31721172045870716,
            0.9089400000000001,
            0.2942524383359612,
            0.9152799999999995,
            0.0
        ],
        [
            0.2841703372923188,
            0.9178440000000014,
            0.26534353466866356,
            0.9232999999999996,
            0.0
        ],
        [
            0.2602103692281764,
            0.9238200000000016,
            0.24470708924354057,
            0.9288999999999998,
            0.0
        ],
        [
            0.2363504223856086,
            0.9311400000000036,
            0.22332976380464836,
            0.9361999999999991,
            0.0
        ],
        [
            0.21677192700464082,
            0.9371200000000052,
            0.2062776673694938,
            0.9413599999999993,
            0.0
        ],
        [
            0.20122396132828593,
            0.9412320000000062,
            0.19331927691195747,
            0.9460799999999991,
            0.0
        ],
        [
            0.18715721263517784,
            0.9452560000000065,
            0.18143147223273265,
            0.949959999999999,
            0.0
        ],
        [
            0.17210840177678635,
            0.9497400000000076,
            0.16959704961815772,
            0.9530599999999992,
            0.0
        ],
        [
            0.16149854634496785,
            0.953092000000008,
            0.1609697903639983,
            0.9551999999999989,
            0.0
        ],
        [
            0.1499624564231575,
            0.9566360000000087,
            0.1518985469757953,
            0.9582399999999989,
            0.0
        ],
        [
            0.14059889903413011,
            0.959236000000009,
            0.14429607648150264,
            0.9591999999999988,
            0.0
        ],
        [
            0.13211406073363058,
            0.9619640000000093,
            0.13825608280045093,
            0.9614199999999989,
            0.0
        ],
        [
            0.12386572039775809,
            0.9642480000000093,
            0.13258690353957966,
            0.9631799999999989,
            0.0
        ],
        [
            0.11731261579427694,
            0.9664440000000095,
            0.12753048621184654,
            0.9642599999999991,
            0.0
        ],
        [
            0.11181467625508734,
            0.9676440000000095,
            0.12478281979897395,
            0.9648799999999988,
            0.0
        ],
        [
            0.1060410569272833,
            0.9695680000000098,
            0.12078011902424961,
            0.966399999999999,
            0.0
        ],
        [
            0.1017136028015377,
            0.9706840000000092,
            0.11797787334574059,
            0.9665599999999991,
            0.0
        ],
        [
            0.09628245474764022,
            0.9725760000000093,
            0.11432561484507904,
            0.967659999999999,
            0.0
        ],
        [
            0.09083693745383713,
            0.9740800000000089,
            0.1102793746216765,
            0.9680799999999989,
            0.0
        ],
        [
            0.08551202480136003,
            0.9761440000000086,
            0.1065732659766209,
            0.9697599999999988,
            0.0
        ],
        [
            0.08222864566003986,
            0.9767760000000086,
            0.10600728389968786,
            0.9700199999999992,
            0.0
        ],
        [
            0.07741756495187622,
            0.9783440000000085,
            0.1022752952192874,
            0.9706799999999992,
            0.0
        ],
        [
            0.07581578246942439,
            0.9787360000000083,
            0.10184577327189148,
            0.9702799999999991,
            0.0
        ],
        [
            0.07204041026749206,
            0.9798600000000084,
            0.09964498369849747,
            0.9720399999999989,
            0.0
        ],
        [
            0.06891200799073245,
            0.980840000000008,
            0.09778282408022998,
            0.9719199999999993,
            0.0
        ],
        [
            0.06503132600318712,
            0.9820840000000075,
            0.0951160098818264,
            0.9724999999999993,
            0.0
        ],
        [
            0.0628364208220912,
            0.9826960000000075,
            0.09381127771734836,
            0.9727199999999991,
            0.0
        ],
        [
            0.060408618059832796,
            0.9835480000000072,
            0.09270844655800876,
            0.9733399999999989,
            0.0
        ],
        [
            0.05775537805543575,
            0.9843000000000071,
            0.09220383917203827,
            0.9738399999999992,
            0.0
        ],
        [
            0.05559973946046297,
            0.984836000000007,
            0.09063213914049757,
            0.9735799999999989,
            0.0
        ],
        [
            0.05342846146482325,
            0.9856040000000068,
            0.08963141407883571,
            0.9737999999999989,
            0.0
        ],
        [
            0.05168732427501634,
            0.9861240000000067,
            0.08988836026920935,
            0.973979999999999,
            0.0
        ],
        [
            0.04895738727724808,
            0.9872880000000059,
            0.08827217844406529,
            0.974539999999999,
            0.0
        ],
        [
            0.04743050628338134,
            0.9876920000000059,
            0.08739757369737725,
            0.974359999999999,
            0.0
        ],
        [
            0.04540914222864173,
            0.9883480000000056,
            0.0873392834497799,
            0.9744799999999987,
            0.0
        ],
        [
            0.04272330664615413,
            0.9892880000000053,
            0.08516435303089963,
            0.974899999999999,
            0.0
        ],
        [
            0.04109651277632884,
            0.9897280000000052,
            0.08419567728418095,
            0.9753599999999991,
            0.0
        ],
        [
            0.0395472311100709,
            0.9902600000000048,
            0.08456168218002784,
            0.975139999999999,
            0.0
        ],
        [
            0.038136951015128026,
            0.9904800000000049,
            0.08415120315944893,
            0.9750599999999995,
            0.0
        ],
        [
            0.03695632147651231,
            0.9909720000000046,
            0.08365581766493561,
            0.9758399999999992,
            0.0
        ],
        [
            0.03489412134277862,
            0.9918960000000041,
            0.08237097219698,
            0.9759799999999992,
            0.0
        ],
        [
            0.033871446300011925,
            0.9919880000000042,
            0.08310253408918751,
            0.9757799999999992,
            0.0
        ],
        [
            0.032813550207985265,
            0.9922360000000043,
            0.08264680993370349,
            0.9761199999999992,
            0.0
        ],
        [
            0.03162738758824456,
            0.9928160000000039,
            0.08292332044744347,
            0.9751599999999991,
            0.0
        ],
        [
            0.029745471019536996,
            0.9934440000000034,
            0.08192322012324481,
            0.9760399999999991,
            0.0
        ],
        [
            0.028725670812917253,
            0.9938400000000034,
            0.08098693745559322,
            0.9760799999999987,
            0.0
        ],
        [
            0.02736371636526001,
            0.994388000000003,
            0.0812806076158525,
            0.975979999999999,
            0.0
        ],
        [
            0.02698184020201469,
            0.9943280000000032,
            0.0821053358527517,
            0.976219999999999,
            0.0
        ],
        [
            0.025417093323170277,
            0.9950240000000026,
            0.08082982344934739,
            0.9762399999999987,
            0.0
        ],
        [
            0.024809811651322268,
            0.995004000000003,
            0.08071702677009936,
            0.976699999999999,
            0.0
        ],
        [
            0.023982013800934447,
            0.9953040000000026,
            0.08051721821612834,
            0.9763999999999993,
            0.0
        ],
        [
            0.022927756856227,
            0.9957320000000024,
            0.08021315752731573,
            0.9766999999999987,
            0.0
        ],
        [
            0.021830707861666892,
            0.9960920000000021,
            0.08006471566785878,
            0.9764999999999988,
            0.0
        ],
        [
            0.02165882281630877,
            0.996132000000002,
            0.08040139876360916,
            0.9763799999999989,
            0.0
        ],
        [
            0.020453401091141715,
            0.996524000000002,
            0.08042929975509598,
            0.9766799999999989,
            0.0
        ],
        [
            0.019841953729570896,
            0.9968120000000018,
            0.08045841580194922,
            0.9769999999999992,
            0.0
        ],
        [
            0.01881562325056229,
            0.9970120000000016,
            0.08010262732858746,
            0.976719999999999,
            0.0
        ],
        [
            0.01796266131720011,
            0.9973200000000016,
            0.08038913462034315,
            0.9768399999999989,
            0.0
        ],
        [
            0.017417621007167892,
            0.9974160000000015,
            0.08020631329808317,
            0.9768999999999993,
            0.0
        ],
        [
            0.0171010055202986,
            0.9974680000000016,
            0.08077391854362034,
            0.9767599999999991,
            0.0
        ],
        [
            0.01615169437563988,
            0.9977440000000014,
            0.0803298174137506,
            0.9769999999999989,
            0.0
        ],
        [
            0.015740493408305446,
            0.9978840000000012,
            0.08014764800413096,
            0.977159999999999,
            0.0
        ],
        [
            0.01553471307609231,
            0.9978720000000012,
            0.08133136645672208,
            0.9769599999999989,
            0.0
        ],
        [
            0.014651057961424869,
            0.9981920000000011,
            0.08094539783498304,
            0.9772199999999991,
            0.0
        ],
        [
            0.014074720736885352,
            0.9982160000000011,
            0.0806474965193857,
            0.9771399999999989,
            0.0
        ],
        [
            0.013835693331947419,
            0.998368000000001,
            0.08077555460102628,
            0.977239999999999,
            0.0
        ],
        [
            0.013091388765518807,
            0.9984360000000008,
            0.08059044692789234,
            0.9770999999999989,
            0.0
        ],
        [
            0.012852874807823812,
            0.9985600000000009,
            0.08114406230564955,
            0.9773599999999991,
            0.0
        ],
        [
            0.012370234172745338,
            0.9987240000000007,
            0.08179049115120499,
            0.9769799999999993,
            0.0
        ],
        [
            0.011787952906503892,
            0.9988720000000008,
            0.08140123568513796,
            0.977639999999999,
            0.0
        ],
        [
            0.011663594133102948,
            0.9988800000000007,
            0.08228354072387985,
            0.9767999999999992,
            0.0
        ],
        [
            0.011160433232798955,
            0.9989400000000007,
            0.0815652840857046,
            0.9769599999999988,
            0.0
        ],
        [
            0.010747369609640386,
            0.9990760000000005,
            0.08136432068069792,
            0.9773599999999993,
            0.0
        ],
        [
            0.010372481619248466,
            0.9991480000000006,
            0.08177118361901278,
            0.9772199999999989,
            0.0
        ],
        [
            0.010275973470278315,
            0.9990400000000005,
            0.08165320735535163,
            0.9776399999999992,
            0.0
        ],
        [
            0.009853854152321963,
            0.9991920000000005,
            0.08209624790462683,
            0.9773399999999988,
            0.0
        ],
        [
            0.0094942073100345,
            0.9993280000000004,
            0.08224976818178996,
            0.9776599999999991,
            0.0
        ],
        [
            0.0091822264617123,
            0.9993560000000004,
            0.08189124302079688,
            0.9773999999999987,
            0.0
        ],
        [
            0.00911340743333966,
            0.9993200000000003,
            0.08294046277805166,
            0.9771399999999988,
            0.0
        ],
        [
            0.00871664661168309,
            0.9994440000000002,
            0.08247490653932633,
            0.9774799999999988,
            0.0
        ],
        [
            0.008436059182833874,
            0.9994760000000003,
            0.08267562027978556,
            0.9773199999999991,
            0.0
        ],
        [
            0.008196905436401437,
            0.9995080000000003,
            0.08221321362133235,
            0.9777199999999991,
            0.0
        ],
        [
            0.00804588041585427,
            0.9994960000000004,
            0.08329765912967135,
            0.9771399999999989,
            0.0
        ],
        [
            0.007680788437842792,
            0.9995480000000002,
            0.08343017094863782,
            0.9775599999999992,
            0.0
        ],
        [
            0.007598559356214375,
            0.9995360000000003,
            0.0833928599727439,
            0.9777399999999989,
            0.0
        ],
        [
            0.007292761582718961,
            0.9996120000000003,
            0.08281654490630723,
            0.977779999999999,
            0.0
        ],
        [
            0.007070930524444946,
            0.9996160000000003,
            0.08301800696694507,
            0.977559999999999,
            0.0
        ],
        [
            0.007156803955651847,
            0.9996360000000001,
            0.08356813101343623,
            0.9776799999999991,
            0.0
        ],
        [
            0.0066858020085465,
            0.9997080000000003,
            0.083625780937121,
            0.9776599999999986,
            0.0
        ],
        [
            0.0065807341316181656,
            0.9997080000000003,
            0.08369590615429838,
            0.9776999999999989,
            0.0
        ],
        [
            0.006469590926041114,
            0.999716,
            0.0839562605845284,
            0.977699999999999,
            0.0
        ],
        [
            0.0062274291924624605,
            0.999756,
            0.08360573417896144,
            0.9775399999999991,
            0.0
        ],
        [
            0.006101312018607178,
            0.999784,
            0.08443443266670778,
            0.9775999999999992,
            0.0
        ],
        [
            0.0059600841179176444,
            0.9997880000000002,
            0.08461151242582432,
            0.9776799999999988,
            0.0
        ],
        [
            0.0057410334788396905,
            0.999792,
            0.08428351906988754,
            0.977699999999999,
            0.0
        ],
        [
            0.005607800468566494,
            0.9998000000000001,
            0.08439229863035344,
            0.9778799999999992,
            0.0
        ],
        [
            0.0054231020928839175,
            0.9998520000000001,
            0.08500897256328471,
            0.9779399999999991,
            0.0
        ],
        [
            0.005433609553391667,
            0.9998280000000002,
            0.08547743219514689,
            0.9774599999999987,
            0.0
        ]
    ],
    [
        [
            2.3556259645237274,
            0.09181999999999996,
            2.350957655190171,
            0.0947799999999999,
            0.0
        ],
        [
            0.18315749100442438,
            0.9455720000000071,
            0.1776287112565952,
            0.9490599999999993,
            0.0
        ],
        [
            0.11584653476783482,
            0.9653120000000097,
            0.12671143966241455,
            0.9634399999999987,
            0.0
        ],
        [
            0.09071421106229927,
            0.9729120000000087,
            0.11030560044483481,
            0.967479999999999,
            0.0
        ],
        [
            0.06966863152992113,
            0.9791400000000083,
            0.0983727117636669,
            0.9713199999999989,
            0.0
        ],
        [
            0.057309937237693086,
            0.9828400000000077,
            0.09225219282611656,
            0.9727999999999991,
            0.0
        ],
        [
            0.0498064240237792,
            0.9849120000000069,
            0.09113244357256475,
            0.973359999999999,
            0.0
        ],
        [
            0.03867479604834479,
            0.9889040000000051,
            0.08630738200380668,
            0.9750999999999991,
            0.0
        ],
        [
            0.03257720101742892,
            0.9909120000000048,
            0.08436800033089446,
            0.9755399999999991,
            0.0
        ],
        [
            0.026815632281230045,
            0.9923960000000038,
            0.08209875454854756,
            0.9765799999999991,
            0.0
        ],
        [
            0.023378636552367042,
            0.9933320000000034,
            0.08378059477155021,
            0.9758399999999989,
            0.0
        ],
        [
            0.018810865189845535,
            0.9951280000000026,
            0.08260263441491578,
            0.977019999999999,
            0.0
        ],
        [
            0.01662890918919314,
            0.9956040000000025,
            0.08490075559156474,
            0.9767999999999988,
            0.0
        ],
        [
            0.014296896920875452,
            0.9963320000000022,
            0.08397551246959514,
            0.9778399999999993,
            0.0
        ],
        [
            0.011513469486500106,
            0.9973000000000015,
            0.08727405278904792,
            0.9778999999999991,
            0.0
        ],
        [
            0.007966856884980477,
            0.9986640000000009,
            0.08341608604875562,
            0.9783799999999989,
            0.0
        ],
        [
            0.006349025460781731,
            0.9991280000000007,
            0.08402042485464242,
            0.9786999999999988,
            0.0
        ],
        [
            0.005871093700911735,
            0.9991040000000005,
            0.08713588491197499,
            0.9791399999999989,
            0.0
        ],
        [
            0.007468007924389804,
            0.9985280000000009,
            0.09101228987066132,
            0.9785199999999993,
            0.0
        ],
        [
            0.006246724000279776,
            0.9987880000000008,
            0.09174204775494035,
            0.978699999999999,
            0.0
        ],
        [
            0.0028834736015546404,
            0.9998480000000001,
            0.08605853676338922,
            0.980019999999999,
            0.0
        ],
        [
            0.0024231301732368466,
            0.9998840000000001,
            0.08821897610343418,
            0.979539999999999,
            0.0
        ],
        [
            0.0019617857085044354,
            0.9999480000000001,
            0.08838883337923852,
            0.9795399999999989,
            0.0
        ],
        [
            0.0016491593910475763,
            0.999972,
            0.08934092259211746,
            0.9798399999999994,
            0.0
        ],
        [
            0.0015032689817550584,
            0.9999880000000001,
            0.09031995504138546,
            0.9800399999999991,
            0.0
        ],
        [
            0.0013494279836768997,
            0.9999839999999999,
            0.09089567102601323,
            0.979819999999999,
            0.0
        ],
        [
            0.0012538544089694958,
            0.999976,
            0.09145380611501688,
            0.980019999999999,
            0.0
        ],
        [
            0.0011159668494248186,
            0.999992,
            0.09202563425302449,
            0.9800399999999991,
            0.0
        ],
        [
            0.001033735901971544,
            1.0,
            0.09256443182294763,
            0.9801799999999993,
            0.0
        ],
        [
            0.0009462300059499046,
            1.0,
            0.09329475700527519,
            0.9801399999999992,
            0.0
        ],
        [
            0.0008868296428648517,
            1.0,
            0.09407673153107539,
            0.979919999999999,
            0.0
        ],
        [
            0.0008353344879598852,
            1.0,
            0.09472260464115338,
            0.9799799999999991,
            0.0
        ],
        [
            0.0007765541383300535,
            1.0,
            0.09535219223427341,
            0.9798999999999991,
            0.0
        ],
        [
            0.0007383686210439637,
            1.0,
            0.09608976957923432,
            0.980139999999999,
            0.0
        ],
        [
            0.0006957348397802639,
            1.0,
            0.09639415965133251,
            0.979879999999999,
            0.0
        ],
        [
            0.0006658323222984344,
            1.0,
            0.09691919719327002,
            0.9801199999999991,
            0.0
        ],
        [
            0.0006423221532927367,
            1.0,
            0.09761028130719421,
            0.9800599999999988,
            0.0
        ],
        [
            0.0006058621144722479,
            1.0,
            0.09821770199115505,
            0.980019999999999,
            0.0
        ],
        [
            0.0005801835661272143,
            1.0,
            0.09877938331713525,
            0.9801199999999989,
            0.0
        ],
        [
            0.0005597823994953684,
            1.0,
            0.09893737763876245,
            0.9800599999999988,
            0.0
        ],
        [
            0.0005295127545519732,
            1.0,
            0.09948618629278021,
            0.9802199999999992,
            0.0
        ],
        [
            0.0005120506093128972,
            1.0,
            0.10011531573702907,
            0.9801399999999993,
            0.0
        ],
        [
            0.0004889330465009933,
            1.0,
            0.1002492710021851,
            0.9801799999999989,
            0.0
        ],
        [
            0.00047572300526609897,
            1.0,
            0.10075745894358892,
            0.980239999999999,
            0.0
        ],
        [
            0.0004565347348427154,
            1.0,
            0.10105717597064472,
            0.980079999999999,
            0.0
        ],
        [
            0.00044478664477471416,
            1.0,
            0.10155427917747155,
            0.9803399999999993,
            0.0
        ],
        [
            0.00042840982738555773,
            1.0,
            0.10202535767370133,
            0.9801399999999992,
            0.0
        ],
        [
            0.00041256185925249704,
            1.0,
            0.10278653069695573,
            0.9801599999999988,
            0.0
        ],
        [
            0.0004017343567130841,
            1.0,
            0.10269345033642677,
            0.9802799999999989,
            0.0
        ],
        [
            0.0003889903842598535,
            1.0,
            0.10309306837126313,
            0.9802599999999988,
            0.0
        ],
        [
            0.00037570245437908666,
            1.0,
            0.10366719542670792,
            0.9801599999999991,
            0.0
        ],
        [
            0.00036445192852758713,
            1.0,
            0.1039202300460347,
            0.9802599999999992,
            0.0
        ],
        [
            0.00035713085414348564,
            1.0,
            0.10406808693125347,
            0.9801799999999989,
            0.0
        ],
        [
            0.0003453059044543355,
            1.0,
            0.10426617362852264,
            0.9802599999999991,
            0.0
        ],
        [
            0.00033627405231834325,
            1.0,
            0.10482901166451035,
            0.9802999999999991,
            0.0
        ],
        [
            0.0003290073820248736,
            1.0,
            0.10509971000063825,
            0.980059999999999,
            0.0
        ],
        [
            0.00031929172655810164,
            1.0,
            0.1055516826669872,
            0.9803399999999993,
            0.0
        ],
        [
            0.00031142588378751913,
            1.0,
            0.10557309318999315,
            0.980319999999999,
            0.0
        ],
        [
            0.0003020786372969082,
            1.0,
            0.10590309862925051,
            0.9801199999999991,
            0.0
        ],
        [
            0.00029649373273111704,
            1.0,
            0.10644588299998867,
            0.980319999999999,
            0.0
        ],
        [
            0.00029065922685307373,
            1.0,
            0.10664669258080539,
            0.980359999999999,
            0.0
        ],
        [
            0.0002815681051589358,
            1.0,
            0.10681943215669114,
            0.980219999999999,
            0.0
        ],
        [
            0.0002757446527117015,
            1.0,
            0.1071643552398579,
            0.980239999999999,
            0.0
        ],
        [
            0.0002688948079719898,
            1.0,
            0.10755359132513868,
            0.9802399999999991,
            0.0
        ],
        [
            0.00026391215837220564,
            1.0,
            0.10756780300167516,
            0.9803599999999992,
            0.0
        ],
        [
            0.0002574701676496461,
            1.0,
            0.1080827824130022,
            0.9803399999999991,
            0.0
        ],
        [
            0.0002520049384015789,
            1.0,
            0.10832675601785927,
            0.980419999999999,
            0.0
        ],
        [
            0.00024727139640280893,
            1.0,
            0.10853761023448358,
            0.9802199999999992,
            0.0
        ],
        [
            0.00024149582905716812,
            1.0,
            0.10870581804208508,
            0.9802599999999989,
            0.0
        ],
        [
            0.00023679507281610036,
            1.0,
            0.10897464767364988,
            0.9802799999999987,
            0.0
        ],
        [
            0.00023284206133296486,
            1.0,
            0.10920874549694363,
            0.9801799999999987,
            0.0
        ],
        [
            0.00022694277774280275,
            1.0,
            0.10956124228774737,
            0.9803399999999989,
            0.0
        ],
        [
            0.00022308869452123968,
            1.0,
            0.10970630315804256,
            0.9801999999999991,
            0.0
        ],
        [
            0.0002186918290280198,
            1.0,
            0.10986217227290314,
            0.9803199999999993,
            0.0
        ],
        [
            0.00021411807215878997,
            1.0,
            0.11000753369110897,
            0.9801399999999993,
            0.0
        ],
        [
            0.0002109885737275864,
            1.0,
            0.11025662889696822,
            0.9802399999999991,
            0.0
        ],
        [
            0.0002064675508485595,
            1.0,
            0.11062117688895216,
            0.9802999999999991,
            0.0
        ],
        [
            0.000204000879163193,
            1.0,
            0.11093165739121554,
            0.9802999999999991,
            0.0
        ],
        [
            0.00019968336103985245,
            1.0,
            0.11099965876320614,
            0.9802599999999989,
            0.0
        ],
        [
            0.00019632577019033215,
            1.0,
            0.11116956154355113,
            0.9801999999999987,
            0.0
        ],
        [
            0.0001930691593400932,
            1.0,
            0.11147788911081682,
            0.9802599999999988,
            0.0
        ],
        [
            0.00019025329658346504,
            1.0,
            0.11162305803962913,
            0.980239999999999,
            0.0
        ],
        [
            0.00018691764376350546,
            1.0,
            0.11186222014472338,
            0.9802599999999988,
            0.0
        ],
        [
            0.00018324222365010112,
            1.0,
            0.11199844178959348,
            0.9803399999999991,
            0.0
        ],
        [
            0.00018013865511969551,
            1.0,
            0.11218829811763535,
            0.9801999999999993,
            0.0
        ],
        [
            0.0001779682849772213,
            1.0,
            0.11238834249741816,
            0.9803199999999992,
            0.0
        ],
        [
            0.00017510210480572037,
            1.0,
            0.11266011829198157,
            0.980319999999999,
            0.0
        ],
        [
            0.00017251015007594038,
            1.0,
            0.11282165451314774,
            0.9801999999999993,
            0.0
        ],
        [
            0.0001698567342513264,
            1.0,
            0.11297230990176917,
            0.9803199999999987,
            0.0
        ],
        [
            0.00016667492015877698,
            1.0,
            0.11309132283210202,
            0.9802399999999993,
            0.0
        ],
        [
            0.000165128461072037,
            1.0,
            0.11329656048753574,
            0.9802399999999991,
            0.0
        ],
        [
            0.00016203572148782997,
            1.0,
            0.11343653811971469,
            0.9802399999999991,
            0.0
        ],
        [
            0.00015979774930206087,
            1.0,
            0.11368765182758969,
            0.9801799999999989,
            0.0
        ],
        [
            0.000157881571403122,
            1.0,
            0.114006637279052,
            0.9801799999999992,
            0.0
        ],
        [
            0.00015568231309241682,
            1.0,
            0.11399897644613906,
            0.9801799999999989,
            0.0
        ],
        [
            0.00015320580945179808,
            1.0,
            0.1142664348351888,
            0.9802599999999989,
            0.0
        ],
        [
            0.0001509551090118336,
            1.0,
            0.11448848642820955,
            0.9802399999999991,
            0.0
        ],
        [
            0.00014922612113062481,
            1.0,
            0.11462695207068599,
            0.9801999999999993,
            0.0
        ],
        [
            0.00014714416686025127,
            1.0,
            0.11471392077478113,
            0.980139999999999,
            0.0
        ],
        [
            0.00014500160051134672,
            1.0,
            0.11493040268297508,
            0.9802799999999987,
            0.0
        ],
        [
            0.00014327140264679795,
            1.0,
            0.11509230537754953,
            0.980239999999999,
            0.0
        ]
    ],
    [
        [
            2.3557370876484702,
            0.09121199999999995,
            2.351028544457592,
            0.09429999999999991,
            0.0
        ],
        [
            0.18407216893274217,
            0.9452600000000068,
            0.17870895670678838,
            0.9490199999999993,
            0.0
        ],
        [
            0.11695249671083385,
            0.9649720000000096,
            0.1277231632766937,
            0.9630599999999989,
            0.0
        ],
        [
            0.09176502554656443,
            0.972548000000009,
            0.11124514422829732,
            0.967039999999999,
            0.0
        ],
        [
            0.0709311223211289,
            0.9788560000000082,
            0.09998887476007234,
            0.9711399999999989,
            0.0
        ],
        [
            0.05807911667474921,
            0.9825720000000079,
            0.09269788117239271,
            0.9728999999999989,
            0.0
        ],
        [
            0.049668706655713796,
            0.9849440000000067,
            0.09075836027287969,
            0.9742999999999988,
            0.0
        ],
        [
            0.038900904279403944,
            0.9887520000000054,
            0.0856756005102562,
            0.975679999999999,
            0.0
        ],
        [
            0.03570552296512393,
            0.989624000000005,
            0.08713289896755776,
            0.9747799999999991,
            0.0
        ],
        [
            0.026462098630841722,
            0.992584000000004,
            0.08054934218374091,
            0.9769399999999993,
            0.0
        ],
        [
            0.022948425166413905,
            0.9935800000000035,
            0.08252701720201369,
            0.9768599999999991,
            0.0
        ],
        [
            0.019356841283272374,
            0.9949120000000027,
            0.08238558475172467,
            0.9776799999999991,
            0.0
        ],
        [
            0.017100500855662268,
            0.9954400000000027,
            0.08358887627440627,
            0.9770399999999988,
            0.0
        ],
        [
            0.013361154812268105,
            0.9968040000000018,
            0.08327887051934077,
            0.9777599999999989,
            0.0
        ],
        [
            0.014903179010635006,
            0.9959000000000024,
            0.09161564013149268,
            0.9765999999999991,
            0.0
        ],
        [
            0.008364283733781633,
            0.9985320000000009,
            0.08307277266976257,
            0.9785799999999991,
            0.0
        ],
        [
            0.006811978935967339,
            0.9989120000000007,
            0.08377726423427934,
            0.9791399999999989,
            0.0
        ],
        [
            0.006323993261394485,
            0.9990040000000006,
            0.08753439362862137,
            0.9788599999999992,
            0.0
        ],
        [
            0.006815259575124022,
            0.9986800000000009,
            0.0900420727313696,
            0.978699999999999,
            0.0
        ],
        [
            0.006352353433248023,
            0.9987200000000008,
            0.09133061263210915,
            0.9785199999999991,
            0.0
        ],
        [
            0.003000386872502416,
            0.9997960000000002,
            0.08638562250779709,
            0.9798599999999992,
            0.0
        ],
        [
            0.0026018484043691774,
            0.9998560000000001,
            0.08860224437019505,
            0.9795799999999989,
            0.0
        ],
        [
            0.001994221462763733,
            0.9999600000000001,
            0.08811869761337722,
            0.9797999999999988,
            0.0
        ],
        [
            0.0016771094746468734,
            0.999992,
            0.08940153850396229,
            0.9796599999999991,
            0.0
        ],
        [
            0.0015227456266793846,
            0.9999839999999999,
            0.09005373617862725,
            0.979919999999999,
            0.0
        ],
        [
            0.0013797684278046645,
            0.9999800000000001,
            0.09076166655182136,
            0.9800199999999993,
            0.0
        ],
        [
            0.0012959064380159084,
            0.999972,
            0.09144761862302173,
            0.979699999999999,
            0.0
        ],
        [
            0.0011330891534657253,
            0.999992,
            0.0920715532248395,
            0.979999999999999,
            0.0
        ],
        [
            0.0010534527277747587,
            0.999996,
            0.09287574710078828,
            0.9799799999999992,
            0.0
        ],
        [
            0.0009628512683635541,
            0.999996,
            0.09341565609017478,
            0.9798799999999994,
            0.0
        ],
        [
            0.0008992961778986043,
            1.0,
            0.09444688815563018,
            0.9797999999999991,
            0.0
        ],
        [
            0.0008472171062088009,
            1.0,
            0.09494793951181064,
            0.9797999999999989,
            0.0
        ],
        [
            0.0007883512004651979,
            1.0,
            0.09539811615597012,
            0.9797199999999989,
            0.0
        ],
        [
            0.0007463890338304192,
            1.0,
            0.09594728472817783,
            0.979959999999999,
            0.0
        ],
        [
            0.0007044741009133114,
            1.0,
            0.0964231648347389,
            0.979959999999999,
            0.0
        ],
        [
            0.0006772652657074989,
            1.0,
            0.09702649266311966,
            0.979919999999999,
            0.0
        ],
        [
            0.0006528197624564996,
            1.0,
            0.09761737045995786,
            0.9797999999999988,
            0.0
        ],
        [
            0.000610742654729335,
            1.0,
            0.09821930083738994,
            0.9801399999999989,
            0.0
        ],
        [
            0.0005893756859651591,
            1.0,
            0.09864549840244816,
            0.9799599999999989,
            0.0
        ],
        [
            0.0005651136327476311,
            1.0,
            0.09901580248305399,
            0.979819999999999,
            0.0
        ],
        [
            0.0005347878024780034,
            1.0,
            0.09942056743946917,
            0.9798799999999988,
            0.0
        ],
        [
            0.000518542867762098,
            1.0,
            0.10013359283305057,
            0.9800599999999993,
            0.0
        ],
        [
            0.0004967946403538275,
            1.0,
            0.10019060958247875,
            0.9800399999999989,
            0.0
        ],
        [
            0.00048137453962746057,
            1.0,
            0.10052233539456659,
            0.9800399999999991,
            0.0
        ],
        [
            0.00046278336476820975,
            1.0,
            0.10107245929362929,
            0.9800599999999993,
            0.0
        ],
        [
            0.0004503842682416717,
            1.0,
            0.10158833639429912,
            0.980139999999999,
            0.0
        ],
        [
            0.00043308568447852035,
            1.0,
            0.10206310325224877,
            0.9800199999999991,
            0.0
        ],
        [
            0.00041767539408610175,
            1.0,
            0.10276986137688104,
            0.9799799999999991,
            0.0
        ],
        [
            0.0004069347370419729,
            1.0,
            0.10274688740265395,
            0.980059999999999,
            0.0
        ],
        [
            0.0003948716349846201,
            1.0,
            0.10312407433045268,
            0.9800999999999993,
            0.0
        ],
        [
            0.00037916399959783394,
            1.0,
            0.10361637095246486,
            0.980159999999999,
            0.0
        ],
        [
            0.00036896491221272306,
            1.0,
            0.10395737928054147,
            0.980059999999999,
            0.0
        ],
        [
            0.00036196814177778477,
            1.0,
            0.10416997264453468,
            0.9799799999999987,
            0.0
        ],
        [
            0.00034948264152391057,
            1.0,
            0.10424200961532629,
            0.9802399999999991,
            0.0
        ],
        [
            0.00033987032788784387,
            1.0,
            0.10480954411715207,
            0.9802999999999992,
            0.0
        ],
        [
            0.00033304666269685435,
            1.0,
            0.10515619545416258,
            0.980079999999999,
            0.0
        ],
        [
            0.0003241234305475592,
            1.0,
            0.10552157149936107,
            0.980059999999999,
            0.0
        ],
        [
            0.00031614376987106817,
            1.0,
            0.10555476105134398,
            0.9800599999999988,
            0.0
        ],
        [
            0.0003069735300151587,
            1.0,
            0.10598237918001555,
            0.980059999999999,
            0.0
        ],
        [
            0.0002998449517788603,
            1.0,
            0.10642009093711358,
            0.9800799999999992,
            0.0
        ],
        [
            0.0002941890181346565,
            1.0,
            0.10653874996867858,
            0.9801399999999989,
            0.0
        ],
        [
            0.0002852866817595377,
            1.0,
            0.10689208766181173,
            0.9801199999999989,
            0.0
        ],
        [
            0.0002792549705913618,
            1.0,
            0.10708294991754089,
            0.9800399999999989,
            0.0
        ],
        [
            0.0002723323424491571,
            1.0,
            0.10757092759920509,
            0.9800399999999989,
            0.0
        ],
        [
            0.00026733835378673005,
            1.0,
            0.10763864921950808,
            0.980159999999999,
            0.0
        ],
        [
            0.0002605346522932241,
            1.0,
            0.10807143903787353,
            0.980159999999999,
            0.0
        ],
        [
            0.0002551366098382991,
            1.0,
            0.1083760845074599,
            0.9798999999999989,
            0.0
        ],
        [
            0.00025015203099430767,
            1.0,
            0.10848251366504047,
            0.9800199999999991,
            0.0
        ],
        [
            0.0002445415751106124,
            1.0,
            0.10875499926323887,
            0.9800199999999991,
            0.0
        ],
        [
            0.00024001548354440623,
            1.0,
            0.10906434851901721,
            0.9801799999999987,
            0.0
        ],
        [
            0.00023578224853991152,
            1.0,
            0.10920674354321738,
            0.980239999999999,
            0.0
        ],
        [
            0.0002299081205107946,
            1.0,
            0.10963947967344825,
            0.980099999999999,
            0.0
        ],
        [
            0.00022617349495657142,
            1.0,
            0.10984676694233242,
            0.9799399999999988,
            0.0
        ],
        [
            0.00022142863155124557,
            1.0,
            0.10991303691193473,
            0.9802199999999992,
            0.0
        ],
        [
            0.00021719124341351175,
            1.0,
            0.10999176813093611,
            0.9800799999999994,
            0.0
        ],
        [
            0.00021396785180589542,
            1.0,
            0.11030886529645752,
            0.9800999999999991,
            0.0
        ],
        [
            0.00020934374016434381,
            1.0,
            0.11068616432812377,
            0.9802199999999989,
            0.0
        ],
        [
            0.0002066293113939595,
            1.0,
            0.1109957792436413,
            0.9800999999999993,
            0.0
        ],
        [
            0.00020255240800087787,
            1.0,
            0.11093416133894693,
            0.9802399999999991,
            0.0
        ],
        [
            0.0001990052780736932,
            1.0,
            0.11119364578253668,
            0.9801199999999989,
            0.0
        ],
        [
            0.00019566799878225255,
            1.0,
            0.1115906504306097,
            0.980219999999999,
            0.0
        ],
        [
            0.0001925848054786016,
            1.0,
            0.11168693728938062,
            0.9801599999999988,
            0.0
        ],
        [
            0.00018953184316237946,
            1.0,
            0.11189566540981948,
            0.980099999999999,
            0.0
        ],
        [
            0.00018564455022575748,
            1.0,
            0.11205819331689351,
            0.9801799999999992,
            0.0
        ],
        [
            0.00018250242614607158,
            1.0,
            0.11225123598630074,
            0.9801199999999989,
            0.0
        ],
        [
            0.00018034016948224632,
            1.0,
            0.11249601864326778,
            0.9800399999999992,
            0.0
        ],
        [
            0.00017745834674181074,
            1.0,
            0.11267722155217322,
            0.9801199999999989,
            0.0
        ],
        [
            0.00017486553144129496,
            1.0,
            0.11286435296100517,
            0.9802199999999992,
            0.0
        ],
        [
            0.0001721598386142756,
            1.0,
            0.11301105882364622,
            0.9801399999999987,
            0.0
        ],
        [
            0.00016893836577001168,
            1.0,
            0.11315212764742277,
            0.9801599999999991,
            0.0
        ],
        [
            0.00016730630639565327,
            1.0,
            0.11339568161541133,
            0.9802999999999991,
            0.0
        ],
        [
            0.0001639994415496536,
            1.0,
            0.11351174538876352,
            0.9801799999999989,
            0.0
        ],
        [
            0.00016172727199588997,
            1.0,
            0.11375907767990075,
            0.980159999999999,
            0.0
        ],
        [
            0.0001598559602425203,
            1.0,
            0.11403026147333765,
            0.9802199999999989,
            0.0
        ],
        [
            0.00015779134855769904,
            1.0,
            0.11407520589568862,
            0.980019999999999,
            0.0
        ],
        [
            0.00015511513789287707,
            1.0,
            0.11428566502813675,
            0.9802999999999992,
            0.0
        ],
        [
            0.0001529241424839298,
            1.0,
            0.11459043746333009,
            0.9801999999999991,
            0.0
        ],
        [
            0.0001510941168284932,
            1.0,
            0.11471142030568027,
            0.9801999999999991,
            0.0
        ],
        [
            0.00014904969367534603,
            1.0,
            0.11479960406645315,
            0.9802199999999992,
            0.0
        ],
        [
            0.00014699500035897817,
            1.0,
            0.1149980847867115,
            0.9802399999999988,
            0.0
        ],
        [
            0.00014524049372010092,
            1.0,
            0.11519261021739333,
            0.9800999999999987,
            0.0
        ]
    ],
    [
        [
            2.4194511498758677,
            0.08140799999999995,
            2.412155841340865,
            0.08543999999999993,
            0.0
        ],
        [
            0.2245281958738397,
            0.9341400000000046,
            0.2142835388086989,
            0.9380999999999993,
            0.0
        ],
        [
            0.14780259525555556,
            0.9555360000000087,
            0.15063925297842332,
            0.9573399999999989,
            0.0
        ],
        [
            0.11560130518252291,
            0.9653160000000097,
            0.1265952428416492,
            0.963459999999999,
            0.0
        ],
        [
            0.08991099543185384,
            0.9731600000000091,
            0.10914696872984764,
            0.9686199999999989,
            0.0
        ],
        [
            0.07824055029018659,
            0.9760560000000089,
            0.10215985356338138,
            0.9701599999999992,
            0.0
        ],
        [
            0.06603954851260438,
            0.9799720000000081,
            0.09604319049852175,
            0.9715799999999992,
            0.0
        ],
        [
            0.05390098303497846,
            0.9838280000000073,
            0.08956290604799885,
            0.9738599999999987,
            0.0
        ],
        [
            0.04772902024529409,
            0.9857320000000067,
            0.08702766993557101,
            0.974279999999999,
            0.0
        ],
        [
            0.04119759415350347,
            0.9876560000000059,
            0.08273721198305303,
            0.9755199999999992,
            0.0
        ],
        [
            0.036417926124376096,
            0.989232000000005,
            0.08360599362155792,
            0.9757199999999988,
            0.0
        ],
        [
            0.03011302840527753,
            0.9912880000000044,
            0.07898752615676638,
            0.9768599999999991,
            0.0
        ],
        [
            0.0286374867044235,
            0.9917920000000043,
            0.08050083653394047,
            0.9762399999999989,
            0.0
        ],
        [
            0.02502366592706131,
            0.9929600000000038,
            0.0813464748302783,
            0.9765599999999992,
            0.0
        ],
        [
            0.022698750944862837,
            0.9935520000000035,
            0.08346529160950082,
            0.9767799999999991,
            0.0
        ],
        [
            0.017964476671163385,
            0.9951600000000027,
            0.07944812574839369,
            0.978319999999999,
            0.0
        ],
        [
            0.015415102066321157,
            0.9960840000000022,
            0.08102335545524889,
            0.9777599999999991,
            0.0
        ],
        [
            0.014353879131895864,
            0.996460000000002,
            0.08236598868009584,
            0.9776799999999989,
            0.0
        ],
        [
            0.01334248766944178,
            0.9966400000000022,
            0.08431708474600312,
            0.9782599999999994,
            0.0
        ],
        [
            0.0131455394494568,
            0.9964640000000019,
            0.0873577406804647,
            0.9772199999999988,
            0.0
        ],
        [
            0.009415719608311427,
            0.9980160000000012,
            0.08403838955391874,
            0.978339999999999,
            0.0
        ],
        [
            0.007667171633563205,
            0.9987400000000008,
            0.08494999203808351,
            0.9784999999999989,
            0.0
        ],
        [
            0.006997395966858146,
            0.9987440000000009,
            0.08730129449467355,
            0.978939999999999,
            0.0
        ],
        [
            0.005209488736298264,
            0.9993960000000003,
            0.08521319385859186,
            0.9797599999999989,
            0.0
        ],
        [
            0.004511949454478121,
            0.9996040000000003,
            0.08559875800643554,
            0.9794599999999989,
            0.0
        ],
        [
            0.003735885183863281,
            0.9997000000000001,
            0.08695250766030134,
            0.979699999999999,
            0.0
        ],
        [
            0.0033983447597209907,
            0.999784,
            0.08731839269176163,
            0.9794399999999992,
            0.0
        ],
        [
            0.003004999932074629,
            0.9998120000000001,
            0.08765284856119371,
            0.979279999999999,
            0.0
        ],
        [
            0.002809557373512161,
            0.9998160000000003,
            0.08875573987535082,
            0.9797599999999989,
            0.0
        ],
        [
            0.0021258607939206664,
            0.99992,
            0.08965044115356198,
            0.979959999999999,
            0.0
        ],
        [
            0.0019616844197423147,
            0.9999520000000001,
            0.0910584322824253,
            0.9792999999999991,
            0.0
        ],
        [
            0.0020005645034323,
            0.9999359999999999,
            0.09215555941287704,
            0.9796599999999993,
            0.0
        ],
        [
            0.0016597501068830866,
            0.999964,
            0.09177455324326354,
            0.9795599999999991,
            0.0
        ],
        [
            0.0015115053713770765,
            0.999976,
            0.09225098330836722,
            0.979839999999999,
            0.0
        ],
        [
            0.0013912548009147323,
            0.999972,
            0.09364363313572222,
            0.9797599999999992,
            0.0
        ],
        [
            0.0013164628069824362,
            0.9999839999999999,
            0.09398535253939751,
            0.9796999999999987,
            0.0
        ],
        [
            0.001301272811835089,
            0.9999800000000001,
            0.09556394017554629,
            0.9796399999999993,
            0.0
        ],
        [
            0.001151698412111934,
            0.9999880000000001,
            0.09555172354111835,
            0.980059999999999,
            0.0
        ],
        [
            0.0010603971071121235,
            0.9999880000000001,
            0.09629845630509855,
            0.9793999999999988,
            0.0
        ],
        [
            0.0010208263306159518,
            0.999996,
            0.09674635638173779,
            0.979639999999999,
            0.0
        ],
        [
            0.0009576591073148239,
            0.999996,
            0.09751274182197456,
            0.979739999999999,
            0.0
        ],
        [
            0.0009248011251028976,
            0.999996,
            0.09846620930618574,
            0.9797399999999991,
            0.0
        ],
        [
            0.000866947527636906,
            0.999996,
            0.09854999367552363,
            0.9797999999999988,
            0.0
        ],
        [
            0.0008241702291575231,
            1.0,
            0.09925592538352597,
            0.9795999999999989,
            0.0
        ],
        [
            0.0007829934334734088,
            1.0,
            0.09980561663508229,
            0.9797599999999989,
            0.0
        ],
        [
            0.0007622939366534136,
            1.0,
            0.10016774197316825,
            0.9795199999999993,
            0.0
        ],
        [
            0.0007199178624334073,
            1.0,
            0.10089143000068038,
            0.979779999999999,
            0.0
        ],
        [
            0.0006876932496103058,
            1.0,
            0.10150753448110147,
            0.979459999999999,
            0.0
        ],
        [
            0.0006724263802466753,
            1.0,
            0.10200514817988271,
            0.9795199999999991,
            0.0
        ],
        [
            0.0006396025725780255,
            1.0,
            0.10241240606264805,
            0.979559999999999,
            0.0
        ],
        [
            0.0006118844668940522,
            1.0,
            0.1029450000881756,
            0.9795999999999987,
            0.0
        ],
        [
            0.0005925578522239175,
            1.0,
            0.10313494058607031,
            0.979699999999999,
            0.0
        ],
        [
            0.0005733760278804462,
            1.0,
            0.10354451949247234,
            0.979739999999999,
            0.0
        ],
        [
            0.0005513068555342987,
            1.0,
            0.10396491939456731,
            0.9796999999999993,
            0.0
        ],
        [
            0.0005363619891843878,
            1.0,
            0.10443532334936996,
            0.9798599999999992,
            0.0
        ],
        [
            0.0005216594675636197,
            1.0,
            0.10474091372395725,
            0.979639999999999,
            0.0
        ],
        [
            0.0005109294348660859,
            1.0,
            0.10522181278545625,
            0.9794999999999991,
            0.0
        ],
        [
            0.00048827651352421973,
            1.0,
            0.10547626351134336,
            0.979639999999999,
            0.0
        ],
        [
            0.0004741321670110224,
            1.0,
            0.10591846757942006,
            0.9795199999999988,
            0.0
        ],
        [
            0.0004606385481177401,
            1.0,
            0.10657869634303166,
            0.9795199999999991,
            0.0
        ],
        [
            0.00045415826112014354,
            1.0,
            0.10656813419628937,
            0.9795199999999993,
            0.0
        ],
        [
            0.0004350936174275217,
            1.0,
            0.10680036628612959,
            0.9795999999999989,
            0.0
        ],
        [
            0.00042633203928545545,
            1.0,
            0.10733948044662989,
            0.979619999999999,
            0.0
        ],
        [
            0.000415920944679566,
            1.0,
            0.10799913547571352,
            0.9797799999999988,
            0.0
        ],
        [
            0.0004040830383929009,
            1.0,
            0.1079909591412492,
            0.9797799999999988,
            0.0
        ],
        [
            0.0003930474633464827,
            1.0,
            0.1084587805213996,
            0.9794399999999991,
            0.0
        ],
        [
            0.00038376215978382176,
            1.0,
            0.10910803464614069,
            0.9796599999999991,
            0.0
        ],
        [
            0.0003734055465843479,
            1.0,
            0.10895007108071424,
            0.979679999999999,
            0.0
        ],
        [
            0.00036566870924989675,
            1.0,
            0.1093619191922925,
            0.9795999999999992,
            0.0
        ],
        [
            0.00035586661722033456,
            1.0,
            0.10954957774366166,
            0.9797399999999991,
            0.0
        ],
        [
            0.00034947163673270645,
            1.0,
            0.10997677510922332,
            0.9797199999999993,
            0.0
        ],
        [
            0.0003400390177277973,
            1.0,
            0.11016449315793495,
            0.9796199999999992,
            0.0
        ],
        [
            0.0003326760780939374,
            1.0,
            0.11046846679863638,
            0.9796599999999989,
            0.0
        ],
        [
            0.00032595832910081783,
            1.0,
            0.11085816605153997,
            0.9797199999999988,
            0.0
        ],
        [
            0.0003193044937313741,
            1.0,
            0.11101497663136281,
            0.9795199999999993,
            0.0
        ],
        [
            0.000312858595795138,
            1.0,
            0.11129302857984147,
            0.9795599999999991,
            0.0
        ],
        [
            0.0003054684870089479,
            1.0,
            0.11171411434390618,
            0.9796599999999989,
            0.0
        ],
        [
            0.00030194339259595417,
            1.0,
            0.11204958874965568,
            0.9795199999999991,
            0.0
        ],
        [
            0.0002936977686852042,
            1.0,
            0.11192789926660854,
            0.9796199999999992,
            0.0
        ],
        [
            0.0002885576691762028,
            1.0,
            0.11245499077233671,
            0.979479999999999,
            0.0
        ],
        [
            0.0002819437742382832,
            1.0,
            0.11269288496053813,
            0.9794199999999987,
            0.0
        ],
        [
            0.0002787684140085886,
            1.0,
            0.11291193327587534,
            0.9795199999999993,
            0.0
        ],
        [
            0.0002737293222037935,
            1.0,
            0.11332683778909572,
            0.9795799999999989,
            0.0
        ],
        [
            0.0002662033710565208,
            1.0,
            0.11337538163632441,
            0.9795999999999992,
            0.0
        ],
        [
            0.00026234239020165895,
            1.0,
            0.11355461788555407,
            0.979639999999999,
            0.0
        ],
        [
            0.0002583465853562244,
            1.0,
            0.11397676214564259,
            0.979619999999999,
            0.0
        ],
        [
            0.00025455419766914455,
            1.0,
            0.1141658789305439,
            0.9794599999999989,
            0.0
        ],
        [
            0.00024962196105419125,
            1.0,
            0.11423924440677631,
            0.9796399999999992,
            0.0
        ],
        [
            0.0002455617929242781,
            1.0,
            0.114597765314987,
            0.9797199999999991,
            0.0
        ],
        [
            0.00024078976291293691,
            1.0,
            0.11462601027878676,
            0.9796799999999989,
            0.0
        ],
        [
            0.0002379391880684973,
            1.0,
            0.1150821595783353,
            0.979459999999999,
            0.0
        ],
        [
            0.00023253240499280232,
            1.0,
            0.1152738477335324,
            0.9794399999999991,
            0.0
        ],
        [
            0.00022890953822447376,
            1.0,
            0.1154572645745898,
            0.9796399999999992,
            0.0
        ],
        [
            0.00022712575346646655,
            1.0,
            0.11574519358027606,
            0.9795999999999992,
            0.0
        ],
        [
            0.000222561207159591,
            1.0,
            0.11591036632842706,
            0.979599999999999,
            0.0
        ],
        [
            0.00021797470559628784,
            1.0,
            0.11608021724893022,
            0.9794399999999991,
            0.0
        ],
        [
            0.000214486694232011,
            1.0,
            0.11638723666594397,
            0.9795199999999988,
            0.0
        ],
        [
            0.00021206053667539843,
            1.0,
            0.11662977717235087,
            0.9795599999999988,
            0.0
        ],
        [
            0.0002100813787081984,
            1.0,
            0.11678127951674462,
            0.979479999999999,
            0.0
        ],
        [
            0.0002063142732164128,
            1.0,
            0.11702718971612565,
            0.9795399999999992,
            0.0
        ],
        [
            0.00020392709269413312,
            1.0,
            0.11704288615500555,
            0.9794399999999991,
            0.0
        ]
    ],
    [
        [
            2.608133070068458,
            0.08909199999999999,
            2.5993692860511715,
            0.0921199999999999,
            0.0
        ],
        [
            0.2277498875010988,
            0.9325880000000044,
            0.21870860143178433,
            0.9366399999999991,
            0.0
        ],
        [
            0.14872919605916574,
            0.9547600000000083,
            0.15435199511327632,
            0.9549199999999989,
            0.0
        ],
        [
            0.11483486729258541,
            0.9648640000000096,
            0.12959686753451313,
            0.9626999999999987,
            0.0
        ],
        [
            0.08951925745332977,
            0.9724680000000092,
            0.11303851907647051,
            0.9663999999999989,
            0.0
        ],
        [
            0.07493581851749873,
            0.9770800000000088,
            0.10305839688681237,
            0.9690799999999987,
            0.0
        ],
        [
            0.06440431039317422,
            0.980148000000008,
            0.10007072226042384,
            0.9707799999999992,
            0.0
        ],
        [
            0.052162191896078805,
            0.9840560000000069,
            0.09170696026962041,
            0.972679999999999,
            0.0
        ],
        [
            0.04639573059879359,
            0.9857480000000066,
            0.09146695254577002,
            0.9729399999999989,
            0.0
        ],
        [
            0.041682704359788124,
            0.987288000000006,
            0.08893557884649336,
            0.9734599999999993,
            0.0
        ],
        [
            0.03514841259795702,
            0.9891240000000051,
            0.08716802291487351,
            0.974359999999999,
            0.0
        ],
        [
            0.02845761216648949,
            0.991916000000004,
            0.08262945217097561,
            0.9761399999999989,
            0.0
        ],
        [
            0.030068364339241472,
            0.990916000000005,
            0.08757689786251581,
            0.9738799999999991,
            0.0
        ],
        [
            0.02464145417518033,
            0.9927280000000038,
            0.08741632809962026,
            0.9753799999999991,
            0.0
        ],
        [
            0.023961908238802697,
            0.992564000000004,
            0.09293053000579066,
            0.9742399999999988,
            0.0
        ],
        [
            0.01658527492110285,
            0.9955280000000026,
            0.08443989440498925,
            0.9769999999999991,
            0.0
        ],
        [
            0.015284299435276039,
            0.9958320000000024,
            0.08663266997161431,
            0.9766399999999988,
            0.0
        ],
        [
            0.013698688263111441,
            0.996460000000002,
            0.08860042678382701,
            0.9762399999999989,
            0.0
        ],
        [
            0.012047570223819137,
            0.9970440000000018,
            0.08923362304140472,
            0.9763799999999992,
            0.0
        ],
        [
            0.011103480079362063,
            0.9972880000000014,
            0.0914198770368728,
            0.976039999999999,
            0.0
        ],
        [
            0.007631269942036967,
            0.9986760000000008,
            0.08834818915055567,
            0.9778999999999993,
            0.0
        ],
        [
            0.0066238203371828215,
            0.9989640000000005,
            0.09018795100575443,
            0.9770199999999992,
            0.0
        ],
        [
            0.005669486538469613,
            0.9991600000000005,
            0.0904482389166054,
            0.9775199999999991,
            0.0
        ],
        [
            0.0043139268357188796,
            0.9995640000000001,
            0.09023094135969056,
            0.9780599999999989,
            0.0
        ],
        [
            0.0036237841432721464,
            0.9997040000000001,
            0.09051628432922021,
            0.9783599999999989,
            0.0
        ],
        [
            0.003027283282568425,
            0.999788,
            0.09025119209560803,
            0.9781399999999991,
            0.0
        ],
        [
            0.002589526579828004,
            0.9999040000000001,
            0.0917374141039796,
            0.978619999999999,
            0.0
        ],
        [
            0.00221844253126807,
            0.9999120000000001,
            0.09110589096154824,
            0.9786799999999991,
            0.0
        ],
        [
            0.0020512860298670943,
            0.9999560000000001,
            0.09206140861857356,
            0.9787999999999993,
            0.0
        ],
        [
            0.0017282432560006777,
            0.999976,
            0.09351200021832225,
            0.9782399999999992,
            0.0
        ],
        [
            0.0015889956179204647,
            0.9999800000000001,
            0.0939687682324365,
            0.9787199999999989,
            0.0
        ],
        [
            0.0015281908740567153,
            0.9999800000000001,
            0.094727180809524,
            0.9784399999999991,
            0.0
        ],
        [
            0.0013727325293102454,
            0.999992,
            0.09486669121318894,
            0.9785399999999991,
            0.0
        ],
        [
            0.0012636478610542116,
            0.999992,
            0.0955108238195698,
            0.978419999999999,
            0.0
        ],
        [
            0.0011826237500226597,
            1.0,
            0.09640779651524553,
            0.9785999999999989,
            0.0
        ],
        [
            0.001120462794557818,
            1.0,
            0.0968825129395624,
            0.9783599999999986,
            0.0
        ],
        [
            0.0010650797040813171,
            1.0,
            0.09783575679352445,
            0.9785199999999993,
            0.0
        ],
        [
            0.0010017573917135976,
            1.0,
            0.09879670103934132,
            0.9785799999999991,
            0.0
        ],
        [
            0.0009255542842288829,
            1.0,
            0.0986248016663451,
            0.9786799999999989,
            0.0
        ],
        [
            0.0008932975363971186,
            1.0,
            0.09910087779900674,
            0.978659999999999,
            0.0
        ],
        [
            0.0008513827556124659,
            1.0,
            0.1001109793488912,
            0.9787599999999987,
            0.0
        ],
        [
            0.0008179189397110492,
            1.0,
            0.10066848731634052,
            0.9788199999999992,
            0.0
        ],
        [
            0.0007734431253259214,
            1.0,
            0.10099841065789242,
            0.9787399999999989,
            0.0
        ],
        [
            0.0007482133411149534,
            1.0,
            0.10118937680220086,
            0.9785599999999988,
            0.0
        ],
        [
            0.00071341276188034,
            1.0,
            0.10168434995055423,
            0.9786799999999989,
            0.0
        ],
        [
            0.0006908061225634769,
            1.0,
            0.10211507892593677,
            0.9787999999999991,
            0.0
        ],
        [
            0.0006689915566494021,
            1.0,
            0.102518949482906,
            0.9786399999999988,
            0.0
        ],
        [
            0.000631592236853519,
            1.0,
            0.10293743912581246,
            0.9788199999999992,
            0.0
        ],
        [
            0.0006181270333832191,
            1.0,
            0.10337960548802985,
            0.978559999999999,
            0.0
        ],
        [
            0.0005935816801770653,
            1.0,
            0.10410841833754973,
            0.9787999999999991,
            0.0
        ],
        [
            0.0005745784000853924,
            1.0,
            0.10407828769388872,
            0.9788399999999988,
            0.0
        ],
        [
            0.0005549853908247402,
            1.0,
            0.10463024294090828,
            0.9788199999999989,
            0.0
        ],
        [
            0.0005379988031312461,
            1.0,
            0.104865484531382,
            0.9786999999999992,
            0.0
        ],
        [
            0.0005215029172425262,
            1.0,
            0.1051517377490198,
            0.9786199999999992,
            0.0
        ],
        [
            0.0005043275105567101,
            1.0,
            0.1056582150957317,
            0.9786399999999992,
            0.0
        ],
        [
            0.0004926743379677036,
            1.0,
            0.1058842234955224,
            0.9788799999999991,
            0.0
        ],
        [
            0.00048081568396256367,
            1.0,
            0.10632969228221723,
            0.9787599999999991,
            0.0
        ],
        [
            0.0004647277147816018,
            1.0,
            0.10636631212906189,
            0.9786599999999991,
            0.0
        ],
        [
            0.0004533245997036055,
            1.0,
            0.10686246774036745,
            0.9788399999999988,
            0.0
        ],
        [
            0.0004403104717851195,
            1.0,
            0.10750256475522649,
            0.9786799999999992,
            0.0
        ],
        [
            0.0004315942479244171,
            1.0,
            0.10764557471517641,
            0.978699999999999,
            0.0
        ],
        [
            0.0004175356885437751,
            1.0,
            0.10769265708873169,
            0.978779999999999,
            0.0
        ],
        [
            0.00041154938157664055,
            1.0,
            0.10814616613440371,
            0.9786399999999992,
            0.0
        ],
        [
            0.00039840912114763014,
            1.0,
            0.10868535611073774,
            0.9785999999999989,
            0.0
        ],
        [
            0.00039008971759048295,
            1.0,
            0.10891496599232757,
            0.9785199999999991,
            0.0
        ],
        [
            0.00037925738540335173,
            1.0,
            0.1090713816028848,
            0.978779999999999,
            0.0
        ],
        [
            0.00037258573278064393,
            1.0,
            0.10956593534359867,
            0.9786599999999991,
            0.0
        ],
        [
            0.0003637530880482661,
            1.0,
            0.10960546712101656,
            0.9785799999999989,
            0.0
        ],
        [
            0.00035480582768135946,
            1.0,
            0.10981356410253951,
            0.9786399999999988,
            0.0
        ],
        [
            0.0003469708280971871,
            1.0,
            0.11005554460482903,
            0.978799999999999,
            0.0
        ],
        [
            0.00034038002081025276,
            1.0,
            0.11044533597982886,
            0.978659999999999,
            0.0
        ],
        [
            0.0003324139661230687,
            1.0,
            0.11065791070166515,
            0.9786799999999991,
            0.0
        ],
        [
            0.0003254682490268769,
            1.0,
            0.11083936995435935,
            0.9787199999999988,
            0.0
        ],
        [
            0.000318553644886319,
            1.0,
            0.11114388116993582,
            0.9786799999999992,
            0.0
        ],
        [
            0.0003127292815020903,
            1.0,
            0.11135234794885666,
            0.9786799999999992,
            0.0
        ],
        [
            0.0003072619773871736,
            1.0,
            0.1115669414417035,
            0.9787599999999989,
            0.0
        ],
        [
            0.00030083387713185003,
            1.0,
            0.11192606986898124,
            0.9787999999999991,
            0.0
        ],
        [
            0.0002962692930881893,
            1.0,
            0.11223928533590397,
            0.978799999999999,
            0.0
        ],
        [
            0.0002898226919530275,
            1.0,
            0.11227141630802875,
            0.9787599999999989,
            0.0
        ],
        [
            0.0002852792443576213,
            1.0,
            0.11253277762046343,
            0.9787599999999991,
            0.0
        ],
        [
            0.0002792021422356906,
            1.0,
            0.11280059316184195,
            0.978799999999999,
            0.0
        ],
        [
            0.00027505013591509964,
            1.0,
            0.11298135161298592,
            0.9788199999999991,
            0.0
        ],
        [
            0.0002710992656238372,
            1.0,
            0.11305855998305177,
            0.9786799999999991,
            0.0
        ],
        [
            0.0002646767466688222,
            1.0,
            0.11352348354609014,
            0.9787199999999991,
            0.0
        ],
        [
            0.0002600836490251504,
            1.0,
            0.11358256415827157,
            0.9785999999999989,
            0.0
        ],
        [
            0.00025716685770308957,
            1.0,
            0.1139448470898968,
            0.978699999999999,
            0.0
        ],
        [
            0.000252948093750213,
            1.0,
            0.11414422765279113,
            0.978659999999999,
            0.0
        ],
        [
            0.00024914665416984053,
            1.0,
            0.11427510281409763,
            0.978659999999999,
            0.0
        ],
        [
            0.0002451068098925914,
            1.0,
            0.11458800698460132,
            0.9785599999999992,
            0.0
        ],
        [
            0.0002403232462780069,
            1.0,
            0.1143896099959377,
            0.9789799999999993,
            0.0
        ],
        [
            0.00023698516251614228,
            1.0,
            0.11487290001947251,
            0.9786999999999987,
            0.0
        ],
        [
            0.00023299757144534393,
            1.0,
            0.11502687955068917,
            0.978659999999999,
            0.0
        ],
        [
            0.00022924694850857155,
            1.0,
            0.11514619320270932,
            0.9788799999999988,
            0.0
        ],
        [
            0.00022664645674625713,
            1.0,
            0.11546990228222653,
            0.9788199999999986,
            0.0
        ],
        [
            0.00022322182093140368,
            1.0,
            0.11531428900869223,
            0.9787599999999991,
            0.0
        ],
        [
            0.00021878621906670505,
            1.0,
            0.11585422688040112,
            0.9786999999999992,
            0.0
        ],
        [
            0.00021629537602478867,
            1.0,
            0.11600381427351816,
            0.9786799999999989,
            0.0
        ],
        [
            0.0002124672962987608,
            1.0,
            0.11615468645586206,
            0.978779999999999,
            0.0
        ],
        [
            0.00021068323831149532,
            1.0,
            0.11635419552252331,
            0.978839999999999,
            0.0
        ],
        [
            0.00020759934059429546,
            1.0,
            0.11663673665221377,
            0.978779999999999,
            0.0
        ],
        [
            0.0002049622178377519,
            1.0,
            0.11670209264570394,
            0.9787999999999988,
            0.0
        ]
    ]
]