[
    [
        2.5611325675641017,
        0.09690800000000005,
        2.554237640394705,
        0.0977399999999999,
        0.0
    ],
    [
        2.3556259645237274,
        0.09181999999999996,
        2.350957655190171,
        0.0947799999999999,
        0.0
    ],
    [
        2.3557370876484702,
        0.09121199999999995,
        2.351028544457592,
        0.09429999999999991,
        0.0
    ],
    [
        2.4194511498758677,
        0.08140799999999995,
        2.412155841340865,
        0.08543999999999993,
        0.0
    ],
    [
        2.608133070068458,
        0.08909199999999999,
        2.5993692860511715,
        0.0921199999999999,
        0.0
    ]
]